Number Of SegType: 4
ambient: 1.000000 0.000000 0.000000 1.000000
diffuse: 0.501961 0.501961 0.501961 1.000000
childSpwanPos: 0.000000 14.000000 0.000000
adjestMat: 1.000000 0.000000 0.000000 0.000000 0.000000 7.000000 0.000000 0.000000 0.000000 0.000000 1.000000 0.000000 0.000000 7.000000 0.000000 1.000000
ambient: 0.000000 0.501961 0.000000 1.000000
diffuse: 0.501961 0.501961 0.501961 1.000000
childSpwanPos: 0.000000 6.000000 0.000000
adjestMat: 0.500000 0.000000 0.000000 0.000000 0.000000 3.000000 0.000000 0.000000 0.000000 0.000000 0.500000 0.000000 0.000000 3.000000 0.000000 1.000000
ambient: 0.000000 0.000000 1.000000 1.000000
diffuse: 0.501961 0.501961 0.501961 1.000000
childSpwanPos: 0.000000 8.000000 0.000000
adjestMat: 0.500000 0.000000 0.000000 0.000000 0.000000 4.000000 0.000000 0.000000 0.000000 0.000000 0.500000 0.000000 0.000000 4.000000 0.000000 1.000000
ambient: 1.000000 1.000000 0.000000 1.000000
diffuse: 0.501961 0.501961 0.501961 1.000000
childSpwanPos: 0.000000 2.000000 0.000000
adjestMat: 1.000000 0.000000 0.000000 0.000000 0.000000 1.000000 0.000000 0.000000 0.000000 0.000000 1.000000 0.000000 0.000000 1.000000 0.000000 1.000000
currentSelectSegment: 21
currentChildBoneIndex: 0
maxSeg: 200
Number Of Seg: 28
segType: 0
bone_index: 0
bone_parentIndex: -1
bone_childrenCound: 5
childIndex: 1
childIndex: 2
childIndex: 3
childIndex: 4
childIndex: 5
toParentTransform: 1.000000 0.000000 0.000000 0.000000 0.000000 1.000000 0.000000 0.000000 0.000000 0.000000 1.000000 0.000000 0.000000 0.000000 0.000000 1.000000
offsetTransform: 1.000000 0.000000 0.000000 0.000000 0.000000 1.000000 0.000000 0.000000 0.000000 0.000000 1.000000 0.000000 0.000000 0.000000 0.000000 1.000000
boneMatrix: 1.000000 0.000000 0.000000 0.000000 0.000000 1.000000 0.000000 0.000000 0.000000 0.000000 1.000000 0.000000 0.000000 0.000000 0.000000 1.000000
animatePos: 0.000000 0.000000 0.000000
animateRot: 0.000000 0.000000 0.000000 1.000000
aniamtionCount: 2
keyframesCount: 4
pos: 0.000000 0.000000 0.000000 0.000000 rot: 0.000000 0.000000 0.000000 1.000000 0.000000
pos: 0.000000 0.000000 0.000000 1.000000 rot: 0.000000 0.000000 0.000000 1.000000 1.000000
pos: 0.000000 0.000000 0.000000 2.000000 rot: 0.000000 0.000000 0.000000 1.000000 2.000000
pos: 0.000000 0.000000 0.000000 3.000000 rot: 0.000000 0.000000 0.000000 1.000000 3.000000
keyframesCount: 2
pos: 0.000000 0.000000 0.000000 0.000000 rot: 0.000000 0.000000 0.000000 1.000000 0.000000
pos: 0.000000 0.000000 0.000000 1.000000 rot: 0.000000 0.000000 0.000000 1.000000 1.000000
segType: 1
bone_index: 1
bone_parentIndex: 0
bone_childrenCound: 1
childIndex: 11
toParentTransform: 1.000000 0.000000 0.000000 0.000000 0.000000 1.000000 0.000000 0.000000 0.000000 0.000000 1.000000 0.000000 0.000000 0.000000 0.000000 1.000000
offsetTransform: 1.000000 0.000000 0.000000 0.000000 0.000000 1.000000 0.000000 0.000000 0.000000 0.000000 1.000000 0.000000 0.000000 14.000000 0.000000 1.000000
boneMatrix: 0.645285 -0.763942 0.000000 0.000000 0.763942 0.645285 0.000000 0.000000 0.000000 0.000000 1.000000 0.000000 0.000000 14.000000 0.000000 1.000000
animatePos: 0.000000 14.000000 0.000000
animateRot: 0.000000 0.000000 -0.421138 0.906996
aniamtionCount: 2
keyframesCount: 4
pos: 0.000000 14.000000 0.000000 0.000000 rot: 0.000000 0.000000 -0.421138 0.906996 0.000000
pos: 0.000000 14.000000 0.000000 1.000000 rot: 0.000000 0.000000 -0.421138 0.906996 1.000000
pos: 0.000000 14.000000 0.000000 2.000000 rot: 0.000000 0.000000 -0.421138 0.906996 2.000000
pos: 0.000000 14.000000 0.000000 3.000000 rot: 0.000000 0.000000 -0.421138 0.906996 3.000000
keyframesCount: 2
pos: 0.000000 14.000000 0.000000 0.000000 rot: 0.000000 0.000000 -0.421138 0.906996 0.000000
pos: 0.000000 14.000000 0.000000 1.000000 rot: 0.000000 0.000000 -0.421138 0.906996 1.000000
segType: 1
bone_index: 2
bone_parentIndex: 0
bone_childrenCound: 1
childIndex: 8
toParentTransform: 1.000000 0.000000 0.000000 0.000000 0.000000 1.000000 0.000000 0.000000 0.000000 0.000000 1.000000 0.000000 0.000000 0.000000 0.000000 1.000000
offsetTransform: 1.000000 0.000000 0.000000 0.000000 0.000000 1.000000 0.000000 0.000000 0.000000 0.000000 1.000000 0.000000 0.000000 14.000000 0.000000 1.000000
boneMatrix: 0.619258 0.785188 0.000000 0.000000 -0.785188 0.619258 0.000000 0.000000 0.000000 0.000000 1.000000 0.000000 0.000000 14.000000 0.000000 1.000000
animatePos: 0.000000 14.000000 0.000000
animateRot: 0.000000 0.000000 0.436315 0.899794
aniamtionCount: 2
keyframesCount: 4
pos: 0.000000 14.000000 0.000000 0.000000 rot: 0.000000 0.000000 0.436315 0.899793 0.000000
pos: 0.000000 14.000000 0.000000 1.000000 rot: 0.000000 0.000000 0.436315 0.899793 1.000000
pos: 0.000000 14.000000 0.000000 2.000000 rot: 0.000000 0.000000 0.436315 0.899793 2.000000
pos: 0.000000 14.000000 0.000000 3.000000 rot: 0.000000 0.000000 0.436315 0.899793 3.000000
keyframesCount: 2
pos: 0.000000 14.000000 0.000000 0.000000 rot: 0.000000 0.000000 0.436315 0.899794 0.000000
pos: 0.000000 14.000000 0.000000 1.000000 rot: 0.000000 0.000000 0.436315 0.899794 1.000000
segType: 1
bone_index: 3
bone_parentIndex: 0
bone_childrenCound: 1
childIndex: 9
toParentTransform: 1.000000 0.000000 0.000000 0.000000 0.000000 1.000000 0.000000 0.000000 0.000000 0.000000 1.000000 0.000000 0.000000 0.000000 0.000000 1.000000
offsetTransform: 1.000000 0.000000 0.000000 0.000000 0.000000 1.000000 0.000000 0.000000 0.000000 0.000000 1.000000 0.000000 0.000000 14.000000 0.000000 1.000000
boneMatrix: 0.900708 0.434425 0.000000 0.000000 -0.434425 0.900708 0.000000 0.000000 0.000000 0.000000 1.000000 0.000000 0.000000 14.000000 0.000000 1.000000
animatePos: 0.000000 14.000000 0.000000
animateRot: 0.000000 0.000000 0.222814 0.974861
aniamtionCount: 2
keyframesCount: 4
pos: 0.000000 14.000000 0.000000 0.000000 rot: 0.000000 0.000000 0.222814 0.974861 0.000000
pos: 0.000000 14.000000 0.000000 1.000000 rot: 0.000000 0.000000 0.222814 0.974861 1.000000
pos: 0.000000 14.000000 0.000000 2.000000 rot: 0.000000 0.000000 0.222814 0.974861 2.000000
pos: 0.000000 14.000000 0.000000 3.000000 rot: 0.000000 0.000000 0.222814 0.974861 3.000000
keyframesCount: 2
pos: 0.000000 14.000000 0.000000 0.000000 rot: 0.000000 0.000000 0.222814 0.974861 0.000000
pos: 0.000000 14.000000 0.000000 1.000000 rot: 0.000000 0.000000 0.222814 0.974861 1.000000
segType: 1
bone_index: 4
bone_parentIndex: 0
bone_childrenCound: 1
childIndex: 10
toParentTransform: 1.000000 0.000000 0.000000 0.000000 0.000000 1.000000 0.000000 0.000000 0.000000 0.000000 1.000000 0.000000 0.000000 0.000000 0.000000 1.000000
offsetTransform: 1.000000 0.000000 0.000000 0.000000 0.000000 1.000000 0.000000 0.000000 0.000000 0.000000 1.000000 0.000000 0.000000 14.000000 0.000000 1.000000
boneMatrix: 0.980166 -0.198180 0.000000 0.000000 0.198180 0.980166 0.000000 0.000000 0.000000 0.000000 1.000000 0.000000 0.000000 14.000000 0.000000 1.000000
animatePos: 0.000000 14.000000 0.000000
animateRot: 0.000000 0.000000 -0.099585 0.995029
aniamtionCount: 2
keyframesCount: 4
pos: 0.000000 14.000000 0.000000 0.000000 rot: 0.000000 0.000000 -0.099585 0.995029 0.000000
pos: 0.000000 14.000000 0.000000 1.000000 rot: 0.000000 0.000000 -0.099585 0.995029 1.000000
pos: 0.000000 14.000000 0.000000 2.000000 rot: 0.000000 0.000000 -0.099585 0.995029 2.000000
pos: 0.000000 14.000000 0.000000 3.000000 rot: 0.000000 0.000000 -0.099585 0.995029 3.000000
keyframesCount: 2
pos: 0.000000 14.000000 0.000000 0.000000 rot: 0.000000 0.000000 -0.099585 0.995029 0.000000
pos: 0.000000 14.000000 0.000000 1.000000 rot: 0.000000 0.000000 -0.099585 0.995029 1.000000
segType: 2
bone_index: 5
bone_parentIndex: 0
bone_childrenCound: 1
childIndex: 6
toParentTransform: 1.000000 0.000000 0.000000 0.000000 0.000000 1.000000 0.000000 0.000000 0.000000 0.000000 1.000000 0.000000 0.000000 0.000000 0.000000 1.000000
offsetTransform: 1.000000 0.000000 0.000000 0.000000 0.000000 1.000000 0.000000 0.000000 0.000000 0.000000 1.000000 0.000000 0.000000 14.000000 0.000000 1.000000
boneMatrix: 0.163067 0.986615 0.000000 0.000000 -0.977718 0.161596 0.133996 0.000000 0.132202 -0.021851 0.990982 0.000000 0.000000 14.000000 0.000000 1.000000
animatePos: 0.000000 14.000000 0.000000
animateRot: 0.051207 0.043438 0.645430 0.760862
aniamtionCount: 2
keyframesCount: 4
pos: 0.000000 14.000000 0.000000 0.000000 rot: 0.051207 0.043438 0.645428 0.760860 0.000000
pos: 0.000000 14.000000 0.000000 1.000000 rot: 0.051207 0.043438 0.645428 0.760860 1.000000
pos: 0.000000 14.000000 0.000000 2.000000 rot: 0.051207 0.043438 0.645428 0.760860 2.000000
pos: 0.000000 14.000000 0.000000 3.000000 rot: 0.051207 0.043438 0.645428 0.760860 3.000000
keyframesCount: 2
pos: 0.000000 14.000000 0.000000 0.000000 rot: 0.051207 0.043438 0.645430 0.760862 0.000000
pos: 0.000000 14.000000 0.000000 1.000000 rot: 0.051207 0.043438 0.645430 0.760862 1.000000
segType: 2
bone_index: 6
bone_parentIndex: 5
bone_childrenCound: 1
childIndex: 7
toParentTransform: 0.163067 0.986615 0.000000 0.000000 -0.977718 0.161596 0.133996 0.000000 0.132202 -0.021851 0.990982 0.000000 0.000000 14.000000 0.000000 1.000000
offsetTransform: 1.000000 0.000000 0.000000 0.000000 0.000000 1.000000 0.000000 0.000000 0.000000 0.000000 1.000000 0.000000 0.000000 8.000000 0.000000 1.000000
boneMatrix: 0.562330 -0.818093 0.120450 0.000000 0.435370 0.416747 0.797982 0.000000 -0.703021 -0.396289 0.590523 0.000000 0.000000 8.000000 0.000000 1.000000
animatePos: 0.000000 8.000000 0.000000
animateRot: 0.372512 -0.256854 -0.390975 0.801499
aniamtionCount: 2
keyframesCount: 4
pos: 0.000000 8.000000 0.000000 0.000000 rot: 0.372511 -0.256853 -0.390974 0.801497 0.000000
pos: 0.000000 8.000000 0.000000 1.000000 rot: 0.372511 -0.256853 -0.390974 0.801497 1.000000
pos: 0.000000 8.000000 0.000000 2.000000 rot: 0.372511 -0.256853 -0.390974 0.801497 2.000000
pos: 0.000000 8.000000 0.000000 3.000000 rot: 0.372511 -0.256853 -0.390974 0.801497 3.000000
keyframesCount: 2
pos: 0.000000 8.000000 0.000000 0.000000 rot: 0.372512 -0.256854 -0.390975 0.801499 0.000000
pos: 0.000000 8.000000 0.000000 1.000000 rot: 0.372512 -0.256854 -0.390975 0.801499 1.000000
segType: 1
bone_index: 7
bone_parentIndex: 6
bone_childrenCound: 0
toParentTransform: 0.907486 0.419971 0.009743 0.000000 -0.230972 0.479451 0.846628 0.000000 0.350888 -0.770553 0.532096 0.000000 -7.821742 15.292770 1.071965 1.000000
offsetTransform: 1.000000 0.000000 0.000000 0.000000 0.000000 1.000000 0.000000 0.000000 0.000000 0.000000 1.000000 0.000000 0.000000 8.000000 0.000000 1.000000
boneMatrix: -0.169285 -0.985567 0.000000 0.000000 0.985567 -0.169285 0.000000 0.000000 0.000000 0.000000 1.000000 0.000000 0.000000 8.000000 0.000000 1.000000
animatePos: 0.000000 8.000000 0.000000
animateRot: 0.000000 0.000000 -0.764619 0.644482
aniamtionCount: 2
keyframesCount: 4
pos: 0.000000 8.000000 0.000000 0.000000 rot: 0.000000 0.000000 -0.764619 0.644482 0.000000
pos: 0.000000 8.000000 0.000000 1.000000 rot: 0.000000 0.000000 -0.764619 0.644482 1.000000
pos: 0.000000 8.000000 0.000000 2.000000 rot: 0.000000 0.000000 -0.764619 0.644482 2.000000
pos: 0.000000 8.000000 0.000000 3.000000 rot: 0.000000 0.000000 -0.764619 0.644482 3.000000
keyframesCount: 2
pos: 0.000000 8.000000 0.000000 0.000000 rot: 0.000000 0.000000 -0.764619 0.644482 0.000000
pos: 0.000000 8.000000 0.000000 1.000000 rot: 0.000000 0.000000 -0.764619 0.644482 1.000000
segType: 2
bone_index: 8
bone_parentIndex: 2
bone_childrenCound: 1
childIndex: 15
toParentTransform: 0.619258 0.785188 0.000000 0.000000 -0.785188 0.619258 0.000000 0.000000 0.000000 0.000000 1.000000 0.000000 0.000000 14.000000 0.000000 1.000000
offsetTransform: 1.000000 0.000000 0.000000 0.000000 0.000000 1.000000 0.000000 0.000000 0.000000 0.000000 1.000000 0.000000 0.000000 6.000000 0.000000 1.000000
boneMatrix: 0.773343 -0.633988 0.000000 0.000000 0.633988 0.773343 0.000000 0.000000 0.000000 0.000000 1.000000 0.000000 0.000000 6.000000 0.000000 1.000000
animatePos: 0.000000 6.000000 0.000000
animateRot: 0.000000 0.000000 -0.336643 0.941632
aniamtionCount: 2
keyframesCount: 4
pos: 0.000000 6.000000 0.000000 0.000000 rot: 0.000000 0.000000 -0.336643 0.941632 0.000000
pos: 0.000000 6.000000 0.000000 1.000000 rot: 0.000000 0.000000 -0.336643 0.941632 1.000000
pos: 0.000000 6.000000 0.000000 2.000000 rot: 0.000000 0.000000 -0.336643 0.941632 2.000000
pos: 0.000000 6.000000 0.000000 3.000000 rot: 0.000000 0.000000 -0.336643 0.941632 3.000000
keyframesCount: 2
pos: 0.000000 6.000000 0.000000 0.000000 rot: 0.000000 0.000000 -0.336643 0.941632 0.000000
pos: 0.000000 6.000000 0.000000 1.000000 rot: 0.000000 0.000000 -0.336643 0.941632 1.000000
segType: 2
bone_index: 9
bone_parentIndex: 3
bone_childrenCound: 1
childIndex: 14
toParentTransform: 0.900708 0.434425 0.000000 0.000000 -0.434425 0.900708 0.000000 0.000000 0.000000 0.000000 1.000000 0.000000 0.000000 14.000000 0.000000 1.000000
offsetTransform: 1.000000 0.000000 0.000000 0.000000 0.000000 1.000000 0.000000 0.000000 0.000000 0.000000 1.000000 0.000000 0.000000 6.000000 0.000000 1.000000
boneMatrix: 0.932472 -0.361243 0.000000 0.000000 0.361243 0.932472 0.000000 0.000000 0.000000 0.000000 1.000000 0.000000 0.000000 6.000000 0.000000 1.000000
animatePos: 0.000000 6.000000 0.000000
animateRot: 0.000000 0.000000 -0.183750 0.982973
aniamtionCount: 2
keyframesCount: 4
pos: 0.000000 6.000000 0.000000 0.000000 rot: 0.000000 0.000000 -0.183750 0.982973 0.000000
pos: 0.000000 6.000000 0.000000 1.000000 rot: 0.000000 0.000000 -0.183750 0.982973 1.000000
pos: 0.000000 6.000000 0.000000 2.000000 rot: 0.000000 0.000000 -0.183750 0.982973 2.000000
pos: 0.000000 6.000000 0.000000 3.000000 rot: 0.000000 0.000000 -0.183750 0.982973 3.000000
keyframesCount: 2
pos: 0.000000 6.000000 0.000000 0.000000 rot: 0.000000 0.000000 -0.183750 0.982973 0.000000
pos: 0.000000 6.000000 0.000000 1.000000 rot: 0.000000 0.000000 -0.183750 0.982973 1.000000
segType: 2
bone_index: 10
bone_parentIndex: 4
bone_childrenCound: 1
childIndex: 13
toParentTransform: 0.980166 -0.198180 0.000000 0.000000 0.198180 0.980166 0.000000 0.000000 0.000000 0.000000 1.000000 0.000000 0.000000 14.000000 0.000000 1.000000
offsetTransform: 1.000000 0.000000 0.000000 0.000000 0.000000 1.000000 0.000000 0.000000 0.000000 0.000000 1.000000 0.000000 0.000000 6.000000 0.000000 1.000000
boneMatrix: 0.982973 0.183751 0.000000 0.000000 -0.183751 0.982973 0.000000 0.000000 0.000000 0.000000 1.000000 0.000000 0.000000 6.000000 0.000000 1.000000
animatePos: 0.000000 6.000000 0.000000
animateRot: 0.000000 0.000000 0.092269 0.995734
aniamtionCount: 2
keyframesCount: 4
pos: 0.000000 6.000000 0.000000 0.000000 rot: 0.000000 0.000000 0.092269 0.995734 0.000000
pos: 0.000000 6.000000 0.000000 1.000000 rot: 0.000000 0.000000 0.092269 0.995734 1.000000
pos: 0.000000 6.000000 0.000000 2.000000 rot: 0.000000 0.000000 0.092269 0.995734 2.000000
pos: 0.000000 6.000000 0.000000 3.000000 rot: 0.000000 0.000000 0.092269 0.995734 3.000000
keyframesCount: 2
pos: 0.000000 6.000000 0.000000 0.000000 rot: 0.000000 0.000000 0.092269 0.995734 0.000000
pos: 0.000000 6.000000 0.000000 1.000000 rot: 0.000000 0.000000 0.092269 0.995734 1.000000
segType: 2
bone_index: 11
bone_parentIndex: 1
bone_childrenCound: 1
childIndex: 12
toParentTransform: 0.645285 -0.763942 0.000000 0.000000 0.763942 0.645285 0.000000 0.000000 0.000000 0.000000 1.000000 0.000000 0.000000 14.000000 0.000000 1.000000
offsetTransform: 1.000000 0.000000 0.000000 0.000000 0.000000 1.000000 0.000000 0.000000 0.000000 0.000000 1.000000 0.000000 0.000000 6.000000 0.000000 1.000000
boneMatrix: 0.772009 0.635611 0.000000 0.000000 -0.635611 0.772009 0.000000 0.000000 0.000000 0.000000 1.000000 0.000000 0.000000 6.000000 0.000000 1.000000
animatePos: 0.000000 6.000000 0.000000
animateRot: 0.000000 0.000000 0.337632 0.941278
aniamtionCount: 2
keyframesCount: 4
pos: 0.000000 6.000000 0.000000 0.000000 rot: 0.000000 0.000000 0.337632 0.941278 0.000000
pos: 0.000000 6.000000 0.000000 1.000000 rot: 0.000000 0.000000 0.337632 0.941278 1.000000
pos: 0.000000 6.000000 0.000000 2.000000 rot: 0.000000 0.000000 0.337632 0.941278 2.000000
pos: 0.000000 6.000000 0.000000 3.000000 rot: 0.000000 0.000000 0.337632 0.941278 3.000000
keyframesCount: 2
pos: 0.000000 6.000000 0.000000 0.000000 rot: 0.000000 0.000000 0.337632 0.941278 0.000000
pos: 0.000000 6.000000 0.000000 1.000000 rot: 0.000000 0.000000 0.337632 0.941278 1.000000
segType: 3
bone_index: 12
bone_parentIndex: 11
bone_childrenCound: 1
childIndex: 25
toParentTransform: 0.983736 -0.179619 0.000000 0.000000 0.179619 0.983736 0.000000 0.000000 0.000000 0.000000 1.000000 0.000000 4.583651 17.871712 0.000000 1.000000
offsetTransform: 1.000000 0.000000 0.000000 0.000000 0.000000 1.000000 0.000000 0.000000 0.000000 0.000000 1.000000 0.000000 0.000000 8.000000 0.000000 1.000000
boneMatrix: 1.000000 0.000000 0.000000 0.000000 0.000000 1.000000 0.000000 0.000000 0.000000 0.000000 1.000000 0.000000 0.000000 8.000000 0.000000 1.000000
animatePos: 0.000000 8.000000 0.000000
animateRot: 0.000000 0.000000 0.000000 1.000000
aniamtionCount: 2
keyframesCount: 4
pos: 0.000000 8.000000 0.000000 0.000000 rot: 0.000000 0.000000 0.000000 1.000000 0.000000
pos: 0.000000 8.000000 0.000000 1.000000 rot: 0.000000 0.000000 0.000000 1.000000 1.000000
pos: 0.000000 8.000000 0.000000 2.000000 rot: 0.000000 0.000000 0.000000 1.000000 2.000000
pos: 0.000000 8.000000 0.000000 3.000000 rot: 0.000000 0.000000 0.000000 1.000000 3.000000
keyframesCount: 2
pos: 0.000000 8.000000 0.000000 0.000000 rot: 0.000000 0.000000 0.000000 1.000000 0.000000
pos: 0.000000 8.000000 0.000000 1.000000 rot: 0.000000 0.000000 0.000000 1.000000 1.000000
segType: 3
bone_index: 13
bone_parentIndex: 10
bone_childrenCound: 1
childIndex: 22
toParentTransform: 0.999892 -0.014699 0.000000 0.000000 0.014699 0.999892 0.000000 0.000000 0.000000 0.000000 1.000000 0.000000 1.189080 19.880993 0.000000 1.000000
offsetTransform: 1.000000 0.000000 0.000000 0.000000 0.000000 1.000000 0.000000 0.000000 0.000000 0.000000 1.000000 0.000000 0.000000 8.000000 0.000000 1.000000
boneMatrix: 1.000000 0.000000 0.000000 0.000000 0.000000 1.000000 0.000000 0.000000 0.000000 0.000000 1.000000 0.000000 0.000000 8.000000 0.000000 1.000000
animatePos: 0.000000 8.000000 0.000000
animateRot: 0.000000 0.000000 0.000000 1.000000
aniamtionCount: 2
keyframesCount: 4
pos: 0.000000 8.000000 0.000000 0.000000 rot: 0.000000 0.000000 0.000000 1.000000 0.000000
pos: 0.000000 8.000000 0.000000 1.000000 rot: 0.000000 0.000000 0.000000 1.000000 1.000000
pos: 0.000000 8.000000 0.000000 2.000000 rot: 0.000000 0.000000 0.000000 1.000000 2.000000
pos: 0.000000 8.000000 0.000000 3.000000 rot: 0.000000 0.000000 0.000000 1.000000 3.000000
keyframesCount: 2
pos: 0.000000 8.000000 0.000000 0.000000 rot: 0.000000 0.000000 0.000000 1.000000 0.000000
pos: 0.000000 8.000000 0.000000 1.000000 rot: 0.000000 0.000000 0.000000 1.000000 1.000000
segType: 3
bone_index: 14
bone_parentIndex: 9
bone_childrenCound: 1
childIndex: 19
toParentTransform: 0.996818 0.079715 0.000000 0.000000 -0.079715 0.996818 0.000000 0.000000 0.000000 0.000000 1.000000 0.000000 -2.606552 19.404247 0.000000 1.000000
offsetTransform: 1.000000 0.000000 0.000000 0.000000 0.000000 1.000000 0.000000 0.000000 0.000000 0.000000 1.000000 0.000000 0.000000 8.000000 0.000000 1.000000
boneMatrix: 1.000000 0.000000 0.000000 0.000000 0.000000 0.989215 -0.146471 0.000000 0.000000 0.146471 0.989215 0.000000 0.000000 8.000000 0.000000 1.000000
animatePos: 0.000000 8.000000 0.000000
animateRot: -0.073434 0.000000 0.000000 0.997300
aniamtionCount: 2
keyframesCount: 4
pos: 0.000000 8.000000 0.000000 0.000000 rot: -0.073434 0.000000 0.000000 0.997300 0.000000
pos: 0.000000 8.000000 0.000000 1.000000 rot: -0.073434 0.000000 0.000000 0.997300 1.000000
pos: 0.000000 8.000000 0.000000 2.000000 rot: -0.073434 0.000000 0.000000 0.997300 2.000000
pos: 0.000000 8.000000 0.000000 3.000000 rot: -0.073434 0.000000 0.000000 0.997300 3.000000
keyframesCount: 2
pos: 0.000000 8.000000 0.000000 0.000000 rot: -0.073434 0.000000 0.000000 0.997300 0.000000
pos: 0.000000 8.000000 0.000000 1.000000 rot: -0.073434 0.000000 0.000000 0.997300 1.000000
segType: 3
bone_index: 15
bone_parentIndex: 8
bone_childrenCound: 1
childIndex: 16
toParentTransform: 0.976698 0.214617 0.000000 0.000000 -0.214617 0.976698 0.000000 0.000000 0.000000 0.000000 1.000000 0.000000 -4.711127 17.715548 0.000000 1.000000
offsetTransform: 1.000000 0.000000 0.000000 0.000000 0.000000 1.000000 0.000000 0.000000 0.000000 0.000000 1.000000 0.000000 0.000000 8.000000 0.000000 1.000000
boneMatrix: 1.000000 0.000000 0.000000 0.000000 0.000000 1.000000 0.000000 0.000000 0.000000 0.000000 1.000000 0.000000 0.000000 8.000000 0.000000 1.000000
animatePos: 0.000000 8.000000 0.000000
animateRot: 0.000000 0.000000 0.000000 1.000000
aniamtionCount: 2
keyframesCount: 4
pos: 0.000000 8.000000 0.000000 0.000000 rot: 0.000000 0.000000 0.000000 1.000000 0.000000
pos: 0.000000 8.000000 0.000000 1.000000 rot: 0.000000 0.000000 0.000000 1.000000 1.000000
pos: 0.000000 8.000000 0.000000 2.000000 rot: 0.000000 0.000000 0.000000 1.000000 2.000000
pos: 0.000000 8.000000 0.000000 3.000000 rot: 0.000000 0.000000 0.000000 1.000000 3.000000
keyframesCount: 2
pos: 0.000000 8.000000 0.000000 0.000000 rot: 0.000000 0.000000 0.000000 1.000000 0.000000
pos: 0.000000 8.000000 0.000000 1.000000 rot: 0.000000 0.000000 0.000000 1.000000 1.000000
segType: 2
bone_index: 16
bone_parentIndex: 15
bone_childrenCound: 1
childIndex: 17
toParentTransform: 0.976698 0.214617 0.000000 0.000000 -0.214617 0.976698 0.000000 0.000000 0.000000 0.000000 1.000000 0.000000 -6.428064 25.529133 0.000000 1.000000
offsetTransform: 1.000000 0.000000 0.000000 0.000000 0.000000 1.000000 0.000000 0.000000 0.000000 0.000000 1.000000 0.000000 0.000000 2.000000 0.000000 1.000000
boneMatrix: 1.000000 0.000000 0.000000 0.000000 0.000000 0.181681 0.983358 0.000000 0.000000 -0.983358 0.181681 0.000000 0.000000 2.000000 0.000000 1.000000
animatePos: 0.000000 2.000000 0.000000
animateRot: 0.639656 0.000000 0.000000 0.768662
aniamtionCount: 2
keyframesCount: 4
pos: 0.000000 2.000000 0.000000 0.000000 rot: 0.639655 0.000000 0.000000 0.768661 0.000000
pos: 0.000000 2.000000 0.000000 1.000000 rot: 0.639655 0.000000 0.000000 0.768661 1.000000
pos: 0.000000 2.000000 0.000000 2.000000 rot: 0.639655 0.000000 0.000000 0.768661 2.000000
pos: 0.000000 2.000000 0.000000 3.000000 rot: 0.639655 0.000000 0.000000 0.768661 3.000000
keyframesCount: 2
pos: 0.000000 2.000000 0.000000 0.000000 rot: 0.639656 0.000000 0.000000 0.768662 0.000000
pos: 0.000000 2.000000 0.000000 1.000000 rot: 0.639656 0.000000 0.000000 0.768662 1.000000
segType: 1
bone_index: 17
bone_parentIndex: 16
bone_childrenCound: 1
childIndex: 18
toParentTransform: 0.976698 0.214617 0.000000 0.000000 -0.038992 0.177448 0.983358 0.000000 0.211045 -0.960444 0.181681 0.000000 -6.857299 27.482529 0.000000 1.000000
offsetTransform: 1.000000 0.000000 0.000000 0.000000 0.000000 1.000000 0.000000 0.000000 0.000000 0.000000 1.000000 0.000000 0.000000 8.000000 0.000000 1.000000
boneMatrix: 1.000000 0.000000 0.000000 0.000000 0.000000 -0.004203 0.999991 0.000000 0.000000 -0.999991 -0.004203 0.000000 0.000000 8.000000 0.000000 1.000000
animatePos: 0.000000 8.000000 0.000000
animateRot: 0.708591 0.000000 0.000000 0.705619
aniamtionCount: 2
keyframesCount: 4
pos: 0.000000 8.000000 0.000000 0.000000 rot: 0.708591 0.000000 0.000000 0.705619 0.000000
pos: 0.000000 8.000000 0.000000 1.000000 rot: 0.708591 0.000000 0.000000 0.705619 1.000000
pos: 0.000000 8.000000 0.000000 2.000000 rot: 0.708591 0.000000 0.000000 0.705619 2.000000
pos: 0.000000 8.000000 0.000000 3.000000 rot: 0.708591 0.000000 0.000000 0.705619 3.000000
keyframesCount: 2
pos: 0.000000 8.000000 0.000000 0.000000 rot: 0.708591 0.000000 0.000000 0.705619 0.000000
pos: 0.000000 8.000000 0.000000 1.000000 rot: 0.708591 0.000000 0.000000 0.705619 1.000000
segType: 1
bone_index: 18
bone_parentIndex: 17
bone_childrenCound: 0
toParentTransform: 0.976698 0.214617 0.000000 0.000000 0.211207 -0.961181 0.177547 0.000000 0.038105 -0.173410 -0.984112 0.000000 -7.169235 28.902113 7.866860 1.000000
offsetTransform: 1.000000 0.000000 0.000000 0.000000 0.000000 1.000000 0.000000 0.000000 0.000000 0.000000 1.000000 0.000000 0.000000 6.000000 0.000000 1.000000
boneMatrix: 1.000000 0.000000 0.000000 0.000000 0.000000 0.098537 0.995133 0.000000 0.000000 -0.995133 0.098537 0.000000 0.000000 6.000000 0.000000 1.000000
animatePos: 0.000000 6.000000 0.000000
animateRot: 0.671365 0.000000 0.000000 0.741126
aniamtionCount: 2
keyframesCount: 4
pos: 0.000000 6.000000 0.000000 0.000000 rot: 0.671365 0.000000 0.000000 0.741126 0.000000
pos: 0.000000 6.000000 0.000000 1.000000 rot: 0.671365 0.000000 0.000000 0.741126 1.000000
pos: 0.000000 6.000000 0.000000 2.000000 rot: 0.671365 0.000000 0.000000 0.741126 2.000000
pos: 0.000000 6.000000 0.000000 3.000000 rot: 0.671365 0.000000 0.000000 0.741126 3.000000
keyframesCount: 2
pos: 0.000000 6.000000 0.000000 0.000000 rot: 0.671365 0.000000 0.000000 0.741126 0.000000
pos: 0.000000 6.000000 0.000000 1.000000 rot: 0.671365 0.000000 0.000000 0.741126 1.000000
segType: 2
bone_index: 19
bone_parentIndex: 14
bone_childrenCound: 1
childIndex: 20
toParentTransform: 0.996818 0.079715 0.000000 0.000000 -0.078856 0.986067 -0.146471 0.000000 -0.011676 0.146005 0.989215 0.000000 -3.244275 27.378788 0.000000 1.000000
offsetTransform: 1.000000 0.000000 0.000000 0.000000 0.000000 1.000000 0.000000 0.000000 0.000000 0.000000 1.000000 0.000000 0.000000 2.000000 0.000000 1.000000
boneMatrix: 1.000000 0.000000 0.000000 0.000000 0.000000 0.978467 0.206405 0.000000 0.000000 -0.206405 0.978467 0.000000 0.000000 2.000000 0.000000 1.000000
animatePos: 0.000000 2.000000 0.000000
animateRot: 0.103763 0.000000 0.000000 0.994601
aniamtionCount: 2
keyframesCount: 4
pos: 0.000000 2.000000 0.000000 0.000000 rot: 0.632363 0.000000 0.000000 0.774672 0.000000
pos: 0.000000 2.000000 0.000000 1.000000 rot: 0.493926 0.000000 0.000000 0.869503 1.000000
pos: 0.000000 2.000000 0.000000 2.000000 rot: 0.277701 0.000000 0.000000 0.960667 2.000000
pos: 0.000000 2.000000 0.000000 3.000000 rot: 0.088086 0.000000 0.000000 0.996112 3.000000
keyframesCount: 2
pos: 0.000000 2.000000 0.000000 0.000000 rot: 0.632363 0.000000 0.000000 0.774672 0.000000
pos: 0.000000 2.000000 0.000000 1.000000 rot: 0.103763 0.000000 0.000000 0.994601 1.000000
segType: 1
bone_index: 20
bone_parentIndex: 19
bone_childrenCound: 1
childIndex: 21
toParentTransform: 0.996818 0.079715 0.000000 0.000000 -0.079568 0.994970 0.060862 0.000000 0.004852 -0.060668 0.998146 0.000000 -3.401986 29.350922 -0.292943 1.000000
offsetTransform: 1.000000 0.000000 0.000000 0.000000 0.000000 1.000000 0.000000 0.000000 0.000000 0.000000 1.000000 0.000000 0.000000 8.000000 0.000000 1.000000
boneMatrix: 1.000000 0.000000 0.000000 0.000000 0.000000 0.992334 0.123584 0.000000 0.000000 -0.123584 0.992334 0.000000 0.000000 8.000000 0.000000 1.000000
animatePos: 0.000000 8.000000 0.000000
animateRot: 0.061911 0.000000 0.000000 0.998080
aniamtionCount: 2
keyframesCount: 4
pos: 0.000000 8.000000 0.000000 0.000000 rot: 0.743941 0.000000 0.000000 0.668243 0.000000
pos: 0.000000 8.000000 0.000000 1.000000 rot: 0.640462 0.000000 0.000000 0.767989 1.000000
pos: 0.000000 8.000000 0.000000 2.000000 rot: 0.360263 0.000000 0.000000 0.932849 2.000000
pos: 0.000000 8.000000 0.000000 3.000000 rot: 0.135036 0.000000 0.000000 0.990839 3.000000
keyframesCount: 2
pos: 0.000000 8.000000 0.000000 0.000000 rot: 0.743941 0.000000 0.000000 0.668243 0.000000
pos: 0.000000 8.000000 0.000000 1.000000 rot: 0.061911 0.000000 0.000000 0.998080 1.000000
segType: 1
bone_index: 21
bone_parentIndex: 20
bone_childrenCound: 0
toParentTransform: 0.996818 0.079715 0.000000 0.000000 -0.078358 0.979845 0.183750 0.000000 0.014648 -0.183165 0.982973 0.000000 -4.038527 37.310680 0.193950 1.000000
offsetTransform: 1.000000 0.000000 0.000000 0.000000 0.000000 1.000000 0.000000 0.000000 0.000000 0.000000 1.000000 0.000000 0.000000 6.000000 0.000000 1.000000
boneMatrix: 1.000000 0.000000 0.000000 0.000000 0.000000 0.980166 0.198179 0.000000 0.000000 -0.198179 0.980166 0.000000 0.000000 6.000000 0.000000 1.000000
animatePos: 0.000000 6.000000 0.000000
animateRot: 0.099585 0.000000 0.000000 0.995027
aniamtionCount: 2
keyframesCount: 4
pos: 0.000000 6.000000 0.000000 0.000000 rot: 0.691345 0.000000 0.000000 0.722523 0.000000
pos: 0.000000 6.000000 0.000000 1.000000 rot: 0.629104 0.000000 0.000000 0.777320 1.000000
pos: 0.000000 6.000000 0.000000 2.000000 rot: 0.186845 0.000000 0.000000 0.982388 2.000000
pos: 0.000000 6.000000 0.000000 3.000000 rot: 0.098540 0.000000 0.000000 0.995131 3.000000
keyframesCount: 2
pos: 0.000000 6.000000 0.000000 0.000000 rot: 0.691345 0.000000 0.000000 0.722523 0.000000
pos: 0.000000 6.000000 0.000000 1.000000 rot: 0.099585 0.000000 0.000000 0.995027 1.000000
segType: 2
bone_index: 22
bone_parentIndex: 13
bone_childrenCound: 1
childIndex: 23
toParentTransform: 0.999892 -0.014699 0.000000 0.000000 0.014699 0.999892 0.000000 0.000000 0.000000 0.000000 1.000000 0.000000 1.306674 27.880129 0.000000 1.000000
offsetTransform: 1.000000 0.000000 0.000000 0.000000 0.000000 1.000000 0.000000 0.000000 0.000000 0.000000 1.000000 0.000000 0.000000 2.000000 0.000000 1.000000
boneMatrix: 1.000000 0.000000 0.000000 0.000000 0.000000 0.179616 0.983737 0.000000 0.000000 -0.983737 0.179616 0.000000 0.000000 2.000000 0.000000 1.000000
animatePos: 0.000000 2.000000 0.000000
animateRot: 0.640462 0.000000 0.000000 0.767990
aniamtionCount: 2
keyframesCount: 4
pos: 0.000000 2.000000 0.000000 0.000000 rot: 0.640462 0.000000 0.000000 0.767989 0.000000
pos: 0.000000 2.000000 0.000000 1.000000 rot: 0.640462 0.000000 0.000000 0.767989 1.000000
pos: 0.000000 2.000000 0.000000 2.000000 rot: 0.640462 0.000000 0.000000 0.767989 2.000000
pos: 0.000000 2.000000 0.000000 3.000000 rot: 0.640462 0.000000 0.000000 0.767989 3.000000
keyframesCount: 2
pos: 0.000000 2.000000 0.000000 0.000000 rot: 0.640462 0.000000 0.000000 0.767990 0.000000
pos: 0.000000 2.000000 0.000000 1.000000 rot: 0.640462 0.000000 0.000000 0.767990 1.000000
segType: 1
bone_index: 23
bone_parentIndex: 22
bone_childrenCound: 1
childIndex: 24
toParentTransform: 0.999892 -0.014699 0.000000 0.000000 0.002640 0.179596 0.983737 0.000000 -0.014460 -0.983631 0.179616 0.000000 1.336072 29.879913 0.000000 1.000000
offsetTransform: 1.000000 0.000000 0.000000 0.000000 0.000000 1.000000 0.000000 0.000000 0.000000 0.000000 1.000000 0.000000 0.000000 8.000000 0.000000 1.000000
boneMatrix: 1.000000 0.000000 0.000000 0.000000 0.000000 -0.052479 0.998622 0.000000 0.000000 -0.998622 -0.052479 0.000000 0.000000 8.000000 0.000000 1.000000
animatePos: 0.000000 8.000000 0.000000
animateRot: 0.725424 0.000000 0.000000 0.688303
aniamtionCount: 2
keyframesCount: 4
pos: 0.000000 8.000000 0.000000 0.000000 rot: 0.725423 0.000000 0.000000 0.688302 0.000000
pos: 0.000000 8.000000 0.000000 1.000000 rot: 0.725423 0.000000 0.000000 0.688302 1.000000
pos: 0.000000 8.000000 0.000000 2.000000 rot: 0.725423 0.000000 0.000000 0.688302 2.000000
pos: 0.000000 8.000000 0.000000 3.000000 rot: 0.725423 0.000000 0.000000 0.688302 3.000000
keyframesCount: 2
pos: 0.000000 8.000000 0.000000 0.000000 rot: 0.725424 0.000000 0.000000 0.688303 0.000000
pos: 0.000000 8.000000 0.000000 1.000000 rot: 0.725424 0.000000 0.000000 0.688303 1.000000
segType: 1
bone_index: 24
bone_parentIndex: 23
bone_childrenCound: 0
toParentTransform: 0.999892 -0.014699 0.000000 0.000000 -0.014579 -0.991700 0.127743 0.000000 -0.001878 -0.127729 -0.991807 0.000000 1.357194 31.316683 7.869895 1.000000
offsetTransform: 1.000000 0.000000 0.000000 0.000000 0.000000 1.000000 0.000000 0.000000 0.000000 0.000000 1.000000 0.000000 0.000000 6.000000 0.000000 1.000000
boneMatrix: 1.000000 0.000000 0.000000 0.000000 0.000000 0.048277 0.998834 0.000000 0.000000 -0.998834 0.048277 0.000000 0.000000 6.000000 0.000000 1.000000
animatePos: 0.000000 6.000000 0.000000
animateRot: 0.689827 0.000000 0.000000 0.723974
aniamtionCount: 2
keyframesCount: 4
pos: 0.000000 6.000000 0.000000 0.000000 rot: 0.689827 0.000000 0.000000 0.723974 0.000000
pos: 0.000000 6.000000 0.000000 1.000000 rot: 0.689827 0.000000 0.000000 0.723974 1.000000
pos: 0.000000 6.000000 0.000000 2.000000 rot: 0.689827 0.000000 0.000000 0.723974 2.000000
pos: 0.000000 6.000000 0.000000 3.000000 rot: 0.689827 0.000000 0.000000 0.723974 3.000000
keyframesCount: 2
pos: 0.000000 6.000000 0.000000 0.000000 rot: 0.689827 0.000000 0.000000 0.723974 0.000000
pos: 0.000000 6.000000 0.000000 1.000000 rot: 0.689827 0.000000 0.000000 0.723974 1.000000
segType: 2
bone_index: 25
bone_parentIndex: 12
bone_childrenCound: 1
childIndex: 26
toParentTransform: 0.983736 -0.179619 0.000000 0.000000 0.179619 0.983736 0.000000 0.000000 0.000000 0.000000 1.000000 0.000000 6.020605 25.741602 0.000000 1.000000
offsetTransform: 1.000000 0.000000 0.000000 0.000000 0.000000 1.000000 0.000000 0.000000 0.000000 0.000000 1.000000 0.000000 0.000000 2.000000 0.000000 1.000000
boneMatrix: 1.000000 0.000000 0.000000 0.000000 0.000000 0.214613 0.976699 0.000000 0.000000 -0.976699 0.214613 0.000000 0.000000 2.000000 0.000000 1.000000
animatePos: 0.000000 2.000000 0.000000
animateRot: 0.626653 0.000000 0.000000 0.779299
aniamtionCount: 2
keyframesCount: 4
pos: 0.000000 2.000000 0.000000 0.000000 rot: 0.626652 0.000000 0.000000 0.779298 0.000000
pos: 0.000000 2.000000 0.000000 1.000000 rot: 0.626652 0.000000 0.000000 0.779298 1.000000
pos: 0.000000 2.000000 0.000000 2.000000 rot: 0.626652 0.000000 0.000000 0.779298 2.000000
pos: 0.000000 2.000000 0.000000 3.000000 rot: 0.626652 0.000000 0.000000 0.779298 3.000000
keyframesCount: 2
pos: 0.000000 2.000000 0.000000 0.000000 rot: 0.626653 0.000000 0.000000 0.779299 0.000000
pos: 0.000000 2.000000 0.000000 1.000000 rot: 0.626653 0.000000 0.000000 0.779299 1.000000
segType: 1
bone_index: 26
bone_parentIndex: 25
bone_childrenCound: 1
childIndex: 27
toParentTransform: 0.983736 -0.179619 0.000000 0.000000 0.038549 0.211123 0.976699 0.000000 -0.175434 -0.960814 0.214613 0.000000 6.379844 27.709074 0.000000 1.000000
offsetTransform: 1.000000 0.000000 0.000000 0.000000 0.000000 1.000000 0.000000 0.000000 0.000000 0.000000 1.000000 0.000000 0.000000 8.000000 0.000000 1.000000
boneMatrix: 1.000000 0.000000 0.000000 0.000000 0.000000 -0.048284 0.998834 0.000000 0.000000 -0.998834 -0.048284 0.000000 0.000000 8.000000 0.000000 1.000000
animatePos: 0.000000 8.000000 0.000000
animateRot: 0.723977 0.000000 0.000000 0.689825
aniamtionCount: 2
keyframesCount: 4
pos: 0.000000 8.000000 0.000000 0.000000 rot: 0.723976 0.000000 0.000000 0.689824 0.000000
pos: 0.000000 8.000000 0.000000 1.000000 rot: 0.723976 0.000000 0.000000 0.689824 1.000000
pos: 0.000000 8.000000 0.000000 2.000000 rot: 0.723976 0.000000 0.000000 0.689824 2.000000
pos: 0.000000 8.000000 0.000000 3.000000 rot: 0.723976 0.000000 0.000000 0.689824 3.000000
keyframesCount: 2
pos: 0.000000 8.000000 0.000000 0.000000 rot: 0.723977 0.000000 0.000000 0.689825 0.000000
pos: 0.000000 8.000000 0.000000 1.000000 rot: 0.723977 0.000000 0.000000 0.689825 1.000000
segType: 1
bone_index: 27
bone_parentIndex: 26
bone_childrenCound: 0
toParentTransform: 0.983736 -0.179619 0.000000 0.000000 -0.177091 -0.969888 0.167204 0.000000 -0.030033 -0.164484 -0.985922 0.000000 6.688233 29.398054 7.813593 1.000000
offsetTransform: 1.000000 0.000000 0.000000 0.000000 0.000000 1.000000 0.000000 0.000000 0.000000 0.000000 1.000000 0.000000 0.000000 6.000000 0.000000 1.000000
boneMatrix: 1.000000 0.000000 0.000000 0.000000 0.000000 0.071335 0.997452 0.000000 0.000000 -0.997452 0.071335 0.000000 0.000000 6.000000 0.000000 1.000000
animatePos: 0.000000 6.000000 0.000000
animateRot: 0.681419 0.000000 0.000000 0.731893
aniamtionCount: 2
keyframesCount: 4
pos: 0.000000 6.000000 0.000000 0.000000 rot: 0.681419 0.000000 0.000000 0.731893 0.000000
pos: 0.000000 6.000000 0.000000 1.000000 rot: 0.681419 0.000000 0.000000 0.731893 1.000000
pos: 0.000000 6.000000 0.000000 2.000000 rot: 0.681419 0.000000 0.000000 0.731893 2.000000
pos: 0.000000 6.000000 0.000000 3.000000 rot: 0.681419 0.000000 0.000000 0.731893 3.000000
keyframesCount: 2
pos: 0.000000 6.000000 0.000000 0.000000 rot: 0.681419 0.000000 0.000000 0.731893 0.000000
pos: 0.000000 6.000000 0.000000 1.000000 rot: 0.681419 0.000000 0.000000 0.731893 1.000000
