Number Of SegType: 3
ambient: 1.000000 0.000000 0.000000 1.000000
diffuse: 0.501961 0.501961 0.501961 1.000000
childSpwanPos: 0.000000 14.000000 0.000000
adjestMat: 1.000000 0.000000 0.000000 0.000000 0.000000 7.000000 0.000000 0.000000 0.000000 0.000000 1.000000 0.000000 0.000000 7.000000 0.000000 1.000000
ambient: 0.000000 0.501961 0.000000 1.000000
diffuse: 0.501961 0.501961 0.501961 1.000000
childSpwanPos: 0.000000 6.000000 0.000000
adjestMat: 0.500000 0.000000 0.000000 0.000000 0.000000 3.000000 0.000000 0.000000 0.000000 0.000000 0.500000 0.000000 0.000000 3.000000 0.000000 1.000000
ambient: 0.000000 0.000000 1.000000 1.000000
diffuse: 0.501961 0.501961 0.501961 1.000000
childSpwanPos: 0.000000 10.000000 0.000000
adjestMat: 0.500000 0.000000 0.000000 0.000000 0.000000 5.000000 0.000000 0.000000 0.000000 0.000000 0.500000 0.000000 0.000000 5.000000 0.000000 1.000000
currentSelectSegment: 0
currentChildBoneIndex: 0
maxSeg: 200
Number Of Seg: 19
segType: 0
bone_index: 0
bone_parentIndex: -1
bone_childrenCound: 1
childIndex: 1
toParentTransform: 1.000000 0.000000 0.000000 0.000000 0.000000 1.000000 0.000000 0.000000 0.000000 0.000000 1.000000 0.000000 0.000000 0.000000 -10.000000 1.000000
offsetTransform: 1.000000 0.000000 0.000000 0.000000 0.000000 1.000000 0.000000 0.000000 0.000000 0.000000 1.000000 0.000000 0.000000 0.000000 0.000000 1.000000
boneMatrix: 1.000000 0.000000 0.000000 0.000000 0.000000 1.000000 0.000000 0.000000 0.000000 0.000000 1.000000 0.000000 0.000000 0.000000 -10.000000 1.000000
animatePos: 0.000000 0.000000 -10.000000
animateRot: 0.000000 0.000000 0.000000 1.000000
aniamtionCount: 1
keyframesCount: 2
pos: 0.000000 0.000000 -10.000000 0.000000 rot: 0.000000 0.000000 0.000000 1.000000 0.000000
pos: 0.000000 0.000000 -10.000000 1.000000 rot: 0.000000 0.000000 0.000000 1.000000 1.000000
segType: 2
bone_index: 1
bone_parentIndex: 0
bone_childrenCound: 16
childIndex: 2
childIndex: 3
childIndex: 4
childIndex: 5
childIndex: 6
childIndex: 7
childIndex: 8
childIndex: 9
childIndex: 10
childIndex: 11
childIndex: 12
childIndex: 13
childIndex: 14
childIndex: 15
childIndex: 16
childIndex: 17
toParentTransform: -0.294775 0.000000 -0.955584 0.000000 0.000000 1.000000 0.000000 0.000000 0.955584 0.000000 -0.294775 0.000000 0.000000 14.000000 0.000000 1.000000
offsetTransform: 1.000000 0.000000 0.000000 0.000000 0.000000 1.000000 0.000000 0.000000 0.000000 0.000000 1.000000 0.000000 0.000000 0.000000 0.000000 1.000000
boneMatrix: -0.294775 0.000000 -0.955584 0.000000 0.000000 1.000000 0.000000 0.000000 0.955584 0.000000 -0.294775 0.000000 0.000000 14.000000 -10.000000 1.000000
animatePos: 0.000000 14.000000 0.000000
animateRot: 0.000000 0.804604 0.000000 0.593822
aniamtionCount: 1
keyframesCount: 2
pos: 0.000000 14.000000 0.000000 0.000000 rot: 0.000000 0.033993 0.000000 0.999427 0.000000
pos: 0.000000 14.000000 0.000000 1.000000 rot: 0.000000 0.804604 0.000000 0.593822 1.000000
segType: 1
bone_index: 2
bone_parentIndex: 1
bone_childrenCound: 0
toParentTransform: 0.981241 0.167685 0.095122 0.000000 -0.154171 0.386288 0.909405 0.000000 0.115749 -0.907010 0.404894 0.000000 0.000000 10.000000 0.000000 1.000000
offsetTransform: 1.000000 0.000000 0.000000 0.000000 0.000000 1.000000 0.000000 0.000000 0.000000 0.000000 1.000000 0.000000 0.000000 0.000000 0.000000 1.000000
boneMatrix: -0.198349 0.167685 -0.965697 0.000000 0.914458 0.386288 -0.120746 0.000000 0.352790 -0.907010 -0.229960 0.000000 0.000000 24.000000 -10.000000 1.000000
animatePos: 0.000000 10.000000 0.000000
animateRot: 0.545449 0.006194 0.096650 0.832532
aniamtionCount: 1
keyframesCount: 2
pos: 0.000000 10.000000 0.000000 0.000000 rot: 0.254854 -0.012242 0.046394 0.965790 0.000000
pos: 0.000000 10.000000 0.000000 1.000000 rot: 0.545449 0.006194 0.096650 0.832532 1.000000
segType: 1
bone_index: 3
bone_parentIndex: 1
bone_childrenCound: 0
toParentTransform: 0.328576 -0.944478 0.000000 0.000000 0.944478 0.328576 0.000000 0.000000 0.000000 0.000000 1.000000 0.000000 0.000000 10.000000 0.000000 1.000000
offsetTransform: 1.000000 0.000000 0.000000 0.000000 0.000000 1.000000 0.000000 0.000000 0.000000 0.000000 1.000000 0.000000 0.000000 0.000000 0.000000 1.000000
boneMatrix: -0.096856 -0.944478 -0.313982 0.000000 -0.278409 0.328576 -0.902528 0.000000 0.955584 0.000000 -0.294775 0.000000 0.000000 24.000000 -10.000000 1.000000
animatePos: 0.000000 10.000000 0.000000
animateRot: 0.000000 0.000000 -0.579406 0.815039
aniamtionCount: 1
keyframesCount: 2
pos: 0.000000 10.000000 0.000000 0.000000 rot: 0.000000 0.000000 -0.225056 0.974346 0.000000
pos: 0.000000 10.000000 0.000000 1.000000 rot: 0.000000 0.000000 -0.579406 0.815039 1.000000
segType: 1
bone_index: 4
bone_parentIndex: 1
bone_childrenCound: 0
toParentTransform: 0.864131 -0.501406 -0.043256 0.000000 0.481190 0.797986 0.362873 0.000000 -0.147428 -0.334384 0.930834 0.000000 0.000000 10.000000 0.000000 1.000000
offsetTransform: 1.000000 0.000000 0.000000 0.000000 0.000000 1.000000 0.000000 0.000000 0.000000 0.000000 1.000000 0.000000 0.000000 0.000000 0.000000 1.000000
boneMatrix: -0.296059 -0.501406 -0.812999 0.000000 0.204913 0.797986 -0.566783 0.000000 0.932948 -0.334384 -0.133507 0.000000 0.000000 24.000000 -10.000000 1.000000
animatePos: 0.000000 10.000000 0.000000
animateRot: 0.183923 -0.027478 -0.259190 0.947756
aniamtionCount: 1
keyframesCount: 2
pos: 0.000000 10.000000 0.000000 0.000000 rot: 0.100428 -0.030290 -0.103837 0.989049 0.000000
pos: 0.000000 10.000000 0.000000 1.000000 rot: 0.183923 -0.027478 -0.259190 0.947756 1.000000
segType: 1
bone_index: 5
bone_parentIndex: 1
bone_childrenCound: 0
toParentTransform: 0.757058 -0.653342 -0.002981 0.000000 0.653348 0.757041 0.005207 0.000000 -0.001145 -0.005890 0.999982 0.000000 0.000000 10.000000 0.000000 1.000000
offsetTransform: 1.000000 0.000000 0.000000 0.000000 0.000000 1.000000 0.000000 0.000000 0.000000 0.000000 1.000000 0.000000 0.000000 0.000000 0.000000 1.000000
boneMatrix: -0.226011 -0.653342 -0.722553 0.000000 -0.187615 0.757041 -0.625863 0.000000 0.955904 -0.005890 -0.293676 0.000000 0.000000 24.000000 -10.000000 1.000000
animatePos: 0.000000 10.000000 0.000000
animateRot: 0.002960 0.000490 -0.348527 0.937295
aniamtionCount: 1
keyframesCount: 2
pos: 0.000000 10.000000 0.000000 0.000000 rot: 0.000000 0.000000 -0.095853 0.995396 0.000000
pos: 0.000000 10.000000 0.000000 1.000000 rot: 0.002960 0.000490 -0.348527 0.937295 1.000000
segType: 1
bone_index: 6
bone_parentIndex: 1
bone_childrenCound: 0
toParentTransform: 0.995230 0.092241 0.031751 0.000000 -0.089622 0.735998 0.671027 0.000000 0.038528 -0.670672 0.740754 0.000000 0.000000 10.000000 0.000000 1.000000
offsetTransform: 1.000000 0.000000 0.000000 0.000000 0.000000 1.000000 0.000000 0.000000 0.000000 0.000000 1.000000 0.000000 0.000000 0.000000 0.000000 1.000000
boneMatrix: -0.263029 0.092241 -0.960385 0.000000 0.667641 0.735998 -0.112160 0.000000 0.696496 -0.670672 -0.255172 0.000000 0.000000 24.000000 -10.000000 1.000000
animatePos: 0.000000 10.000000 0.000000
animateRot: 0.360027 0.001819 0.048801 0.931665
aniamtionCount: 1
keyframesCount: 2
pos: 0.000000 10.000000 0.000000 0.000000 rot: 0.112666 -0.006997 0.015893 0.993482 0.000000
pos: 0.000000 10.000000 0.000000 1.000000 rot: 0.360027 0.001819 0.048801 0.931665 1.000000
segType: 1
bone_index: 7
bone_parentIndex: 1
bone_childrenCound: 0
toParentTransform: 0.998330 -0.008270 -0.057174 0.000000 -0.035276 0.696476 -0.716714 0.000000 0.045748 0.717533 0.695021 0.000000 0.000000 10.000000 0.000000 1.000000
offsetTransform: 1.000000 0.000000 0.000000 0.000000 0.000000 1.000000 0.000000 0.000000 0.000000 0.000000 1.000000 0.000000 0.000000 0.000000 0.000000 1.000000
boneMatrix: -0.348917 -0.008270 -0.937135 0.000000 -0.674481 0.696476 0.244978 0.000000 0.650666 0.717533 -0.248591 0.000000 0.000000 24.000000 -10.000000 1.000000
animatePos: 0.000000 10.000000 0.000000
animateRot: -0.389497 0.027950 0.007334 0.920576
aniamtionCount: 1
keyframesCount: 2
pos: 0.000000 10.000000 0.000000 0.000000 rot: -0.108999 0.028879 -0.000994 0.993623 0.000000
pos: 0.000000 10.000000 0.000000 1.000000 rot: -0.389497 0.027950 0.007334 0.920576 1.000000
segType: 1
bone_index: 8
bone_parentIndex: 1
bone_childrenCound: 0
toParentTransform: 0.770158 0.610751 -0.183963 0.000000 -0.626824 0.671271 -0.395589 0.000000 -0.118116 0.419978 0.899816 0.000000 0.000000 10.000000 0.000000 1.000000
offsetTransform: 1.000000 0.000000 0.000000 0.000000 0.000000 1.000000 0.000000 0.000000 0.000000 0.000000 1.000000 0.000000 0.000000 0.000000 0.000000 1.000000
boneMatrix: -0.402815 0.610751 -0.681723 0.000000 -0.193247 0.671271 0.715593 0.000000 0.894667 0.419978 -0.152373 0.000000 0.000000 24.000000 -10.000000 1.000000
animatePos: 0.000000 10.000000 0.000000
animateRot: -0.223087 0.018011 0.338521 0.913957
aniamtionCount: 1
keyframesCount: 2
pos: 0.000000 10.000000 0.000000 0.000000 rot: -0.111231 -0.023824 0.112028 0.987175 0.000000
pos: 0.000000 10.000000 0.000000 1.000000 rot: -0.223087 0.018011 0.338521 0.913957 1.000000
segType: 1
bone_index: 9
bone_parentIndex: 1
bone_childrenCound: 0
toParentTransform: 1.000000 0.000000 0.000000 0.000000 0.000000 1.000000 0.000000 0.000000 0.000000 0.000000 1.000000 0.000000 0.000000 10.000000 0.000000 1.000000
offsetTransform: 1.000000 0.000000 0.000000 0.000000 0.000000 1.000000 0.000000 0.000000 0.000000 0.000000 1.000000 0.000000 0.000000 0.000000 0.000000 1.000000
boneMatrix: -0.294775 0.000000 -0.955584 0.000000 0.000000 1.000000 0.000000 0.000000 0.955584 0.000000 -0.294775 0.000000 0.000000 24.000000 -10.000000 1.000000
animatePos: 0.000000 10.000000 0.000000
animateRot: 0.000000 0.000000 0.000000 1.000000
aniamtionCount: 1
keyframesCount: 2
pos: 0.000000 10.000000 0.000000 0.000000 rot: 0.000000 0.000000 0.000000 1.000000 0.000000
pos: 0.000000 10.000000 0.000000 1.000000 rot: 0.000000 0.000000 0.000000 1.000000 1.000000
segType: 1
bone_index: 10
bone_parentIndex: 1
bone_childrenCound: 0
toParentTransform: 1.000000 0.000000 0.000000 0.000000 0.000000 1.000000 0.000000 0.000000 0.000000 0.000000 1.000000 0.000000 0.000000 10.000000 0.000000 1.000000
offsetTransform: 1.000000 0.000000 0.000000 0.000000 0.000000 1.000000 0.000000 0.000000 0.000000 0.000000 1.000000 0.000000 0.000000 0.000000 0.000000 1.000000
boneMatrix: -0.294775 0.000000 -0.955584 0.000000 0.000000 1.000000 0.000000 0.000000 0.955584 0.000000 -0.294775 0.000000 0.000000 24.000000 -10.000000 1.000000
animatePos: 0.000000 10.000000 0.000000
animateRot: 0.000000 0.000000 0.000000 1.000000
aniamtionCount: 1
keyframesCount: 2
pos: 0.000000 10.000000 0.000000 0.000000 rot: 0.000000 0.000000 0.000000 1.000000 0.000000
pos: 0.000000 10.000000 0.000000 1.000000 rot: 0.000000 0.000000 0.000000 1.000000 1.000000
segType: 1
bone_index: 11
bone_parentIndex: 1
bone_childrenCound: 0
toParentTransform: 1.000000 0.000000 0.000000 0.000000 0.000000 1.000000 0.000000 0.000000 0.000000 0.000000 1.000000 0.000000 0.000000 10.000000 0.000000 1.000000
offsetTransform: 1.000000 0.000000 0.000000 0.000000 0.000000 1.000000 0.000000 0.000000 0.000000 0.000000 1.000000 0.000000 0.000000 0.000000 0.000000 1.000000
boneMatrix: -0.294775 0.000000 -0.955584 0.000000 0.000000 1.000000 0.000000 0.000000 0.955584 0.000000 -0.294775 0.000000 0.000000 24.000000 -10.000000 1.000000
animatePos: 0.000000 10.000000 0.000000
animateRot: 0.000000 0.000000 0.000000 1.000000
aniamtionCount: 1
keyframesCount: 2
pos: 0.000000 10.000000 0.000000 0.000000 rot: 0.000000 0.000000 0.000000 1.000000 0.000000
pos: 0.000000 10.000000 0.000000 1.000000 rot: 0.000000 0.000000 0.000000 1.000000 1.000000
segType: 1
bone_index: 12
bone_parentIndex: 1
bone_childrenCound: 1
childIndex: 18
toParentTransform: 1.000000 0.000000 0.000000 0.000000 0.000000 1.000000 0.000000 0.000000 0.000000 0.000000 1.000000 0.000000 0.000000 10.000000 0.000000 1.000000
offsetTransform: 1.000000 0.000000 0.000000 0.000000 0.000000 1.000000 0.000000 0.000000 0.000000 0.000000 1.000000 0.000000 0.000000 0.000000 0.000000 1.000000
boneMatrix: -0.294775 0.000000 -0.955584 0.000000 0.000000 1.000000 0.000000 0.000000 0.955584 0.000000 -0.294775 0.000000 0.000000 24.000000 -10.000000 1.000000
animatePos: 0.000000 10.000000 0.000000
animateRot: 0.000000 0.000000 0.000000 1.000000
aniamtionCount: 1
keyframesCount: 2
pos: 0.000000 10.000000 0.000000 0.000000 rot: 0.000000 0.000000 0.000000 1.000000 0.000000
pos: 0.000000 10.000000 0.000000 1.000000 rot: 0.000000 0.000000 0.000000 1.000000 1.000000
segType: 1
bone_index: 13
bone_parentIndex: 1
bone_childrenCound: 0
toParentTransform: 0.741159 0.671331 0.000000 0.000000 -0.671331 0.741159 0.000000 0.000000 0.000000 0.000000 1.000000 0.000000 0.000000 10.000000 0.000000 1.000000
offsetTransform: 1.000000 0.000000 0.000000 0.000000 0.000000 1.000000 0.000000 0.000000 0.000000 0.000000 1.000000 0.000000 0.000000 0.000000 0.000000 1.000000
boneMatrix: -0.218475 0.671331 -0.708240 0.000000 0.197891 0.741159 0.641513 0.000000 0.955584 0.000000 -0.294775 0.000000 0.000000 24.000000 -10.000000 1.000000
animatePos: 0.000000 10.000000 0.000000
animateRot: 0.000000 0.000000 0.359751 0.933050
aniamtionCount: 1
keyframesCount: 2
pos: 0.000000 10.000000 0.000000 0.000000 rot: 0.000000 0.000000 0.127651 0.991820 0.000000
pos: 0.000000 10.000000 0.000000 1.000000 rot: 0.000000 0.000000 0.359751 0.933050 1.000000
segType: 1
bone_index: 14
bone_parentIndex: 1
bone_childrenCound: 0
toParentTransform: 0.250110 0.968220 0.000000 0.000000 -0.968220 0.250110 0.000000 0.000000 0.000000 0.000000 1.000000 0.000000 0.000000 10.000000 0.000000 1.000000
offsetTransform: 1.000000 0.000000 0.000000 0.000000 0.000000 1.000000 0.000000 0.000000 0.000000 0.000000 1.000000 0.000000 0.000000 0.000000 0.000000 1.000000
boneMatrix: -0.073726 0.968220 -0.239001 0.000000 0.285407 0.250110 0.925215 0.000000 0.955584 0.000000 -0.294775 0.000000 0.000000 24.000000 -10.000000 1.000000
animatePos: 0.000000 10.000000 0.000000
animateRot: 0.000000 0.000000 0.612328 0.790606
aniamtionCount: 1
keyframesCount: 2
pos: 0.000000 10.000000 0.000000 0.000000 rot: 0.000000 0.000000 0.268659 0.963236 0.000000
pos: 0.000000 10.000000 0.000000 1.000000 rot: 0.000000 0.000000 0.612328 0.790606 1.000000
segType: 1
bone_index: 15
bone_parentIndex: 1
bone_childrenCound: 0
toParentTransform: 1.000000 0.000000 0.000000 0.000000 0.000000 0.341765 -0.939788 0.000000 0.000000 0.939788 0.341765 0.000000 0.000000 10.000000 0.000000 1.000000
offsetTransform: 1.000000 0.000000 0.000000 0.000000 0.000000 1.000000 0.000000 0.000000 0.000000 0.000000 1.000000 0.000000 0.000000 0.000000 0.000000 1.000000
boneMatrix: -0.294775 0.000000 -0.955584 0.000000 -0.898046 0.341765 0.277026 0.000000 0.326585 0.939788 -0.100744 0.000000 0.000000 24.000000 -10.000000 1.000000
animatePos: 0.000000 10.000000 0.000000
animateRot: -0.573688 0.000000 0.000000 0.819076
aniamtionCount: 1
keyframesCount: 2
pos: 0.000000 10.000000 0.000000 0.000000 rot: -0.270585 0.000000 0.000000 0.962697 0.000000
pos: 0.000000 10.000000 0.000000 1.000000 rot: -0.573688 0.000000 0.000000 0.819076 1.000000
segType: 1
bone_index: 16
bone_parentIndex: 1
bone_childrenCound: 0
toParentTransform: 0.901916 -0.425977 0.071352 0.000000 0.404454 0.775013 -0.485564 0.000000 0.151540 0.466797 0.871284 0.000000 0.000000 10.000000 0.000000 1.000000
offsetTransform: 1.000000 0.000000 0.000000 0.000000 0.000000 1.000000 0.000000 0.000000 0.000000 0.000000 1.000000 0.000000 0.000000 0.000000 0.000000 1.000000
boneMatrix: -0.197679 -0.425977 -0.882889 0.000000 -0.583220 0.775013 -0.243358 0.000000 0.787915 0.466797 -0.401642 0.000000 0.000000 24.000000 -10.000000 1.000000
animatePos: 0.000000 10.000000 0.000000
animateRot: -0.252794 0.021285 -0.220429 0.941836
aniamtionCount: 1
keyframesCount: 2
pos: 0.000000 10.000000 0.000000 0.000000 rot: -0.112219 0.011033 -0.097219 0.988855 0.000000
pos: 0.000000 10.000000 0.000000 1.000000 rot: -0.252794 0.021285 -0.220429 0.941836 1.000000
segType: 1
bone_index: 17
bone_parentIndex: 1
bone_childrenCound: 0
toParentTransform: 0.852524 0.513084 0.099741 0.000000 -0.505121 0.759675 0.409571 0.000000 0.134373 -0.399550 0.906810 0.000000 0.000000 10.000000 0.000000 1.000000
offsetTransform: 1.000000 0.000000 0.000000 0.000000 0.000000 1.000000 0.000000 0.000000 0.000000 0.000000 1.000000 0.000000 0.000000 0.000000 0.000000 1.000000
boneMatrix: -0.155992 0.513084 -0.844059 0.000000 0.540276 0.759675 0.361954 0.000000 0.826923 -0.399550 -0.395710 0.000000 0.000000 24.000000 -10.000000 1.000000
animatePos: 0.000000 10.000000 0.000000
animateRot: 0.215662 0.009231 0.271390 0.937952
aniamtionCount: 1
keyframesCount: 2
pos: 0.000000 10.000000 0.000000 0.000000 rot: 0.095220 -0.010999 0.114218 0.988821 0.000000
pos: 0.000000 10.000000 0.000000 1.000000 rot: 0.215662 0.009231 0.271390 0.937952 1.000000
segType: 2
bone_index: 18
bone_parentIndex: 12
bone_childrenCound: 0
toParentTransform: 1.000000 0.000000 0.000000 0.000000 0.000000 1.000000 0.000000 0.000000 0.000000 0.000000 1.000000 0.000000 0.000000 6.000000 0.000000 1.000000
offsetTransform: 1.000000 0.000000 0.000000 0.000000 0.000000 1.000000 0.000000 0.000000 0.000000 0.000000 1.000000 0.000000 0.000000 0.000000 0.000000 1.000000
boneMatrix: -0.294775 0.000000 -0.955584 0.000000 0.000000 1.000000 0.000000 0.000000 0.955584 0.000000 -0.294775 0.000000 0.000000 30.000000 -10.000000 1.000000
animatePos: 0.000000 6.000000 0.000000
animateRot: 0.000000 0.000000 0.000000 1.000000
aniamtionCount: 1
keyframesCount: 2
pos: 0.000000 6.000000 0.000000 0.000000 rot: 0.000000 0.000000 0.000000 1.000000 0.000000
pos: 0.000000 6.000000 0.000000 1.000000 rot: 0.000000 0.000000 0.000000 1.000000 1.000000
