Number Of SegType: 3
ambient: 1.000000 0.000000 0.000000 1.000000
diffuse: 0.501961 0.501961 0.501961 1.000000
childSpwanPos: 0.000000 14.000000 0.000000
adjestMat: 1.000000 0.000000 0.000000 0.000000 0.000000 7.000000 0.000000 0.000000 0.000000 0.000000 1.000000 0.000000 0.000000 7.000000 0.000000 1.000000
ambient: 0.000000 0.501961 0.000000 1.000000
diffuse: 0.501961 0.501961 0.501961 1.000000
childSpwanPos: 0.000000 6.000000 0.000000
adjestMat: 0.500000 0.000000 0.000000 0.000000 0.000000 3.000000 0.000000 0.000000 0.000000 0.000000 0.500000 0.000000 0.000000 3.000000 0.000000 1.000000
ambient: 0.000000 0.000000 1.000000 1.000000
diffuse: 0.501961 0.501961 0.501961 1.000000
childSpwanPos: 0.000000 10.000000 0.000000
adjestMat: 0.500000 0.000000 0.000000 0.000000 0.000000 5.000000 0.000000 0.000000 0.000000 0.000000 0.500000 0.000000 0.000000 5.000000 0.000000 1.000000
currentSelectSegment: 0
currentChildBoneIndex: 0
maxSeg: 200
Number Of Seg: 3
segType: 0
bone_index: 0
bone_parentIndex: -1
bone_childrenCound: 1
childIndex: 1
toParentTransform: 0.893373 -0.449316 0.000000 0.000000 0.449316 0.893373 0.000000 0.000000 0.000000 0.000000 1.000000 0.000000 0.000000 0.000000 30.000000 1.000000
offsetTransform: 1.000000 0.000000 0.000000 0.000000 0.000000 1.000000 0.000000 0.000000 0.000000 0.000000 1.000000 0.000000 0.000000 0.000000 0.000000 1.000000
boneMatrix: 0.893373 -0.449316 0.000000 0.000000 0.449316 0.893373 0.000000 0.000000 0.000000 0.000000 1.000000 0.000000 0.000000 0.000000 30.000000 1.000000
animatePos: 0.000000 0.000000 30.000000
animateRot: 0.000000 0.000000 -0.230897 0.972978
aniamtionCount: 1
keyframesCount: 3
pos: 0.000000 0.000000 0.000000 0.000000 rot: 0.000000 0.000000 0.000000 1.000000 0.000000
pos: 0.000000 0.000000 0.000000 1.000000 rot: 0.000000 0.000000 0.118719 0.992928 1.000000
pos: 0.000000 0.000000 30.000000 2.000000 rot: 0.000000 0.000000 -0.230897 0.972978 2.000000
segType: 0
bone_index: 1
bone_parentIndex: 0
bone_childrenCound: 1
childIndex: 2
toParentTransform: 0.967915 -0.251278 0.000000 0.000000 0.251278 0.967915 0.000000 0.000000 0.000000 0.000000 1.000000 0.000000 0.000000 14.000000 0.000000 1.000000
offsetTransform: 1.000000 0.000000 0.000000 0.000000 0.000000 1.000000 0.000000 0.000000 0.000000 0.000000 1.000000 0.000000 0.000000 0.000000 0.000000 1.000000
boneMatrix: 0.751806 -0.659384 0.000000 0.000000 0.659384 0.751806 0.000000 0.000000 0.000000 0.000000 1.000000 0.000000 6.290423 12.507219 30.000000 1.000000
animatePos: 0.000000 14.000000 0.000000
animateRot: 0.000000 0.000000 -0.126659 0.991946
aniamtionCount: 1
keyframesCount: 3
pos: 0.000000 14.000000 0.000000 0.000000 rot: 0.000000 0.000000 0.000000 1.000000 0.000000
pos: 0.000000 14.000000 0.000000 1.000000 rot: 0.000000 0.000000 -0.126659 0.991946 1.000000
pos: 0.000000 14.000000 0.000000 2.000000 rot: 0.000000 0.000000 -0.126659 0.991946 2.000000
segType: 0
bone_index: 2
bone_parentIndex: 1
bone_childrenCound: 0
toParentTransform: 0.963771 0.266731 0.000000 0.000000 -0.266731 0.963771 0.000000 0.000000 0.000000 0.000000 1.000000 0.000000 0.000000 14.000000 0.000000 1.000000
offsetTransform: 1.000000 0.000000 0.000000 0.000000 0.000000 1.000000 0.000000 0.000000 0.000000 0.000000 1.000000 0.000000 0.000000 0.000000 0.000000 1.000000
boneMatrix: 0.900447 -0.434965 0.000000 0.000000 0.434965 0.900447 0.000000 0.000000 0.000000 0.000000 1.000000 0.000000 15.521802 23.032503 30.000000 1.000000
animatePos: 0.000000 14.000000 0.000000
animateRot: 0.000000 0.000000 0.134590 0.990901
aniamtionCount: 1
keyframesCount: 3
pos: 0.000000 14.000000 0.000000 0.000000 rot: 0.000000 0.000000 0.000000 1.000000 0.000000
pos: 0.000000 14.000000 0.000000 1.000000 rot: 0.000000 0.000000 0.134590 0.990901 1.000000
pos: 0.000000 14.000000 0.000000 2.000000 rot: 0.000000 0.000000 0.134590 0.990901 2.000000
