Number Of SegType: 6
ambient: 1.000000 0.000000 0.000000 1.000000
diffuse: 0.501961 0.501961 0.501961 1.000000
childSpwanPos: 0.000000 14.000000 0.000000
adjestMat: 1.000000 0.000000 0.000000 0.000000 0.000000 7.000000 0.000000 0.000000 0.000000 0.000000 1.000000 0.000000 0.000000 7.000000 0.000000 1.000000
ambient: 0.000000 0.501961 0.000000 1.000000
diffuse: 0.501961 0.501961 0.501961 1.000000
childSpwanPos: 0.000000 6.000000 0.000000
adjestMat: 0.500000 0.000000 0.000000 0.000000 0.000000 3.000000 0.000000 0.000000 0.000000 0.000000 0.500000 0.000000 0.000000 3.000000 0.000000 1.000000
ambient: 0.000000 0.000000 1.000000 1.000000
diffuse: 0.501961 0.501961 0.501961 1.000000
childSpwanPos: 0.000000 8.000000 0.000000
adjestMat: 0.500000 0.000000 0.000000 0.000000 0.000000 4.000000 0.000000 0.000000 0.000000 0.000000 0.500000 0.000000 0.000000 4.000000 0.000000 1.000000
ambient: 1.000000 1.000000 0.000000 1.000000
diffuse: 0.501961 0.501961 0.501961 1.000000
childSpwanPos: 0.000000 2.000000 0.000000
adjestMat: 1.000000 0.000000 0.000000 0.000000 0.000000 1.000000 0.000000 0.000000 0.000000 0.000000 1.000000 0.000000 0.000000 1.000000 0.000000 1.000000
ambient: 1.000000 0.647059 0.000000 1.000000
diffuse: 0.501961 0.501961 0.501961 1.000000
childSpwanPos: 0.000000 8.000000 0.000000
adjestMat: 2.000000 0.000000 0.000000 0.000000 0.000000 4.000000 0.000000 0.000000 0.000000 0.000000 2.000000 0.000000 0.000000 4.000000 0.000000 1.000000
ambient: 0.000000 1.000000 1.000000 1.000000
diffuse: 0.501961 0.501961 0.501961 1.000000
childSpwanPos: 0.000000 20.000000 0.000000
adjestMat: 0.300000 0.000000 0.000000 0.000000 0.000000 10.000000 0.000000 0.000000 0.000000 0.000000 0.300000 0.000000 0.000000 10.000000 0.000000 1.000000
currentSelectSegment: 13
currentChildBoneIndex: 0
maxSeg: 200
Number Of Seg: 21
segType: 3
bone_index: 0
bone_parentIndex: -1
bone_childrenCound: 1
childIndex: 1
toParentTransform: 1.000000 0.000000 0.000000 0.000000 0.000000 1.000000 0.000000 0.000000 0.000000 0.000000 1.000000 0.000000 0.000000 0.000000 0.000000 1.000000
offsetTransform: 1.000000 0.000000 0.000000 0.000000 0.000000 1.000000 0.000000 0.000000 0.000000 0.000000 1.000000 0.000000 0.000000 0.000000 0.000000 1.000000
boneMatrix: 0.999991 0.004199 -0.000000 0.000000 -0.000789 0.187871 0.982193 0.000000 0.004124 -0.982185 0.187873 0.000000 0.000000 5.000000 0.000000 1.000000
animatePos: 0.000000 5.000000 0.000000
animateRot: 0.637230 0.001338 0.001618 0.770671
aniamtionCount: 2
keyframesCount: 5
pos: 0.000000 5.000000 0.000000 0.000000 rot: 0.637228 0.001338 0.001618 0.770669 0.000000
pos: 0.000000 5.000000 0.000000 0.500000 rot: 0.637228 0.001338 0.001618 0.770669 0.500000
pos: 0.000000 5.000000 0.000000 1.000000 rot: 0.637228 0.001338 0.001618 0.770669 1.000000
pos: 0.000000 5.000000 0.000000 1.500000 rot: 0.637228 0.001338 0.001618 0.770669 1.500000
pos: 0.000000 5.000000 0.000000 2.000000 rot: 0.637230 0.001338 0.001618 0.770671 2.000000
keyframesCount: 4
pos: 0.000000 5.000000 0.000000 0.000000 rot: 0.637230 0.001338 0.001618 0.770671 0.000000
pos: 0.000000 5.000000 0.000000 0.200000 rot: 0.637230 0.001338 0.001618 0.770671 0.200000
pos: 0.000000 5.000000 0.000000 0.400000 rot: 0.637230 0.001338 0.001618 0.770671 0.400000
pos: 0.000000 5.000000 0.000000 0.600000 rot: 0.637230 0.001338 0.001618 0.770671 0.600000
segType: 1
bone_index: 1
bone_parentIndex: 0
bone_childrenCound: 1
childIndex: 2
toParentTransform: 0.999991 0.004199 -0.000000 0.000000 -0.000789 0.187871 0.982193 0.000000 0.004124 -0.982185 0.187873 0.000000 0.000000 5.000000 0.000000 1.000000
offsetTransform: 1.000000 0.000000 0.000000 0.000000 0.000000 1.000000 0.000000 0.000000 0.000000 0.000000 1.000000 0.000000 0.000000 2.000000 0.000000 1.000000
boneMatrix: 1.000000 0.000000 0.000000 0.000000 0.000000 1.000000 0.000000 0.000000 0.000000 0.000000 1.000000 0.000000 0.000000 2.000000 0.000000 1.000000
animatePos: 0.000000 2.000000 0.000000
animateRot: 0.000000 0.000000 0.000000 1.000000
aniamtionCount: 2
keyframesCount: 5
pos: 0.000000 2.000000 0.000000 0.000000 rot: 0.000000 0.000000 0.000000 1.000000 0.000000
pos: 0.000000 2.000000 0.000000 0.500000 rot: 0.000000 0.000000 0.000000 1.000000 0.500000
pos: 0.000000 2.000000 0.000000 1.000000 rot: 0.000000 0.000000 0.000000 1.000000 1.000000
pos: 0.000000 2.000000 0.000000 1.500000 rot: 0.000000 0.000000 0.000000 1.000000 1.500000
pos: 0.000000 2.000000 0.000000 2.000000 rot: 0.000000 0.000000 0.000000 1.000000 2.000000
keyframesCount: 4
pos: 0.000000 2.000000 0.000000 0.000000 rot: 0.000000 0.000000 0.000000 1.000000 0.000000
pos: 0.000000 2.000000 0.000000 0.200000 rot: 0.000000 0.000000 0.000000 1.000000 0.200000
pos: 0.000000 2.000000 0.000000 0.400000 rot: 0.000000 0.000000 0.000000 1.000000 0.400000
pos: 0.000000 2.000000 0.000000 0.600000 rot: 0.000000 0.000000 0.000000 1.000000 0.600000
segType: 3
bone_index: 2
bone_parentIndex: 1
bone_childrenCound: 9
childIndex: 3
childIndex: 5
childIndex: 6
childIndex: 7
childIndex: 8
childIndex: 9
childIndex: 10
childIndex: 11
childIndex: 12
toParentTransform: 0.999991 0.004199 -0.000000 0.000000 -0.000789 0.187871 0.982193 0.000000 0.004124 -0.982185 0.187873 0.000000 -0.001577 5.375742 1.964387 1.000000
offsetTransform: 1.000000 0.000000 0.000000 0.000000 0.000000 1.000000 0.000000 0.000000 0.000000 0.000000 1.000000 0.000000 0.000000 6.000000 0.000000 1.000000
boneMatrix: 1.000000 0.000000 0.000000 0.000000 0.000000 1.000000 0.000000 0.000000 0.000000 0.000000 1.000000 0.000000 0.000000 6.000000 0.000000 1.000000
animatePos: 0.000000 6.000000 0.000000
animateRot: 0.000000 0.000000 0.000000 1.000000
aniamtionCount: 2
keyframesCount: 5
pos: 0.000000 6.000000 0.000000 0.000000 rot: 0.000000 0.000000 0.000000 1.000000 0.000000
pos: 0.000000 6.000000 0.000000 0.500000 rot: 0.000000 0.000000 0.000000 1.000000 0.500000
pos: 0.000000 6.000000 0.000000 1.000000 rot: 0.000000 0.000000 0.000000 1.000000 1.000000
pos: 0.000000 6.000000 0.000000 1.500000 rot: 0.000000 0.000000 0.000000 1.000000 1.500000
pos: 0.000000 6.000000 0.000000 2.000000 rot: 0.000000 0.000000 0.000000 1.000000 2.000000
keyframesCount: 4
pos: 0.000000 6.000000 0.000000 0.000000 rot: 0.000000 0.000000 0.000000 1.000000 0.000000
pos: 0.000000 6.000000 0.000000 0.200000 rot: 0.000000 0.000000 0.000000 1.000000 0.200000
pos: 0.000000 6.000000 0.000000 0.400000 rot: 0.000000 0.000000 0.000000 1.000000 0.400000
pos: 0.000000 6.000000 0.000000 0.600000 rot: 0.000000 0.000000 0.000000 1.000000 0.600000
segType: 1
bone_index: 3
bone_parentIndex: 2
bone_childrenCound: 1
childIndex: 4
toParentTransform: 0.999991 0.004199 -0.000000 0.000000 -0.000789 0.187871 0.982193 0.000000 0.004124 -0.982185 0.187873 0.000000 -0.006309 6.502970 7.857547 1.000000
offsetTransform: 1.000000 0.000000 0.000000 0.000000 0.000000 1.000000 0.000000 0.000000 0.000000 0.000000 1.000000 0.000000 0.000000 2.000000 0.000000 1.000000
boneMatrix: 1.000000 0.000000 0.000000 0.000000 0.000000 1.000000 0.000000 0.000000 0.000000 0.000000 1.000000 0.000000 0.000000 2.000000 0.000000 1.000000
animatePos: 0.000000 2.000000 0.000000
animateRot: 0.000000 0.000000 0.000000 1.000000
aniamtionCount: 2
keyframesCount: 5
pos: 0.000000 2.000000 0.000000 0.000000 rot: 0.000000 0.000000 0.000000 1.000000 0.000000
pos: 0.000000 2.000000 0.000000 0.500000 rot: 0.000000 0.000000 0.000000 1.000000 0.500000
pos: 0.000000 2.000000 0.000000 1.000000 rot: 0.000000 0.000000 0.000000 1.000000 1.000000
pos: 0.000000 2.000000 0.000000 1.500000 rot: 0.000000 0.000000 0.000000 1.000000 1.500000
pos: 0.000000 2.000000 0.000000 2.000000 rot: 0.000000 0.000000 0.000000 1.000000 2.000000
keyframesCount: 4
pos: 0.000000 2.000000 0.000000 0.000000 rot: 0.000000 0.000000 0.000000 1.000000 0.000000
pos: 0.000000 2.000000 0.000000 0.200000 rot: 0.000000 0.000000 0.000000 1.000000 0.200000
pos: 0.000000 2.000000 0.000000 0.400000 rot: 0.000000 0.000000 0.000000 1.000000 0.400000
pos: 0.000000 2.000000 0.000000 0.600000 rot: 0.000000 0.000000 0.000000 1.000000 0.600000
segType: 4
bone_index: 4
bone_parentIndex: 3
bone_childrenCound: 0
toParentTransform: 0.999991 0.004199 -0.000000 0.000000 -0.000789 0.187871 0.982193 0.000000 0.004124 -0.982185 0.187873 0.000000 -0.007887 6.878713 9.821934 1.000000
offsetTransform: 1.000000 0.000000 0.000000 0.000000 0.000000 1.000000 0.000000 0.000000 0.000000 0.000000 1.000000 0.000000 0.000000 6.000000 0.000000 1.000000
boneMatrix: 1.000000 0.000000 0.000000 0.000000 0.000000 1.000000 0.000000 0.000000 0.000000 0.000000 1.000000 0.000000 0.000000 6.000000 0.000000 1.000000
animatePos: 0.000000 6.000000 0.000000
animateRot: 0.000000 0.000000 0.000000 1.000000
aniamtionCount: 2
keyframesCount: 5
pos: 0.000000 6.000000 0.000000 0.000000 rot: 0.000000 0.000000 0.000000 1.000000 0.000000
pos: 0.000000 6.000000 0.000000 0.500000 rot: 0.000000 0.000000 0.000000 1.000000 0.500000
pos: 0.000000 6.000000 0.000000 1.000000 rot: 0.000000 0.000000 0.000000 1.000000 1.000000
pos: 0.000000 6.000000 0.000000 1.500000 rot: 0.000000 0.000000 0.000000 1.000000 1.500000
pos: 0.000000 6.000000 0.000000 2.000000 rot: 0.000000 0.000000 0.000000 1.000000 2.000000
keyframesCount: 4
pos: 0.000000 6.000000 0.000000 0.000000 rot: 0.000000 0.000000 0.000000 1.000000 0.000000
pos: 0.000000 6.000000 0.000000 0.200000 rot: 0.000000 0.000000 0.000000 1.000000 0.200000
pos: 0.000000 6.000000 0.000000 0.400000 rot: 0.000000 0.000000 0.000000 1.000000 0.400000
pos: 0.000000 6.000000 0.000000 0.600000 rot: 0.000000 0.000000 0.000000 1.000000 0.600000
segType: 5
bone_index: 5
bone_parentIndex: 2
bone_childrenCound: 1
childIndex: 18
toParentTransform: 0.999991 0.004199 -0.000000 0.000000 -0.000789 0.187871 0.982193 0.000000 0.004124 -0.982185 0.187873 0.000000 -0.006309 6.502970 7.857547 1.000000
offsetTransform: 1.000000 0.000000 0.000000 0.000000 0.000000 1.000000 0.000000 0.000000 0.000000 0.000000 1.000000 0.000000 0.000000 2.000000 0.000000 1.000000
boneMatrix: 0.779957 -0.625832 -0.000000 0.000000 0.461608 0.575291 -0.675245 0.000000 0.422591 0.526662 0.737593 0.000000 0.000000 2.000000 0.000000 1.000000
animatePos: 0.000000 2.000000 0.000000
animateRot: -0.341714 0.120147 -0.309170 0.879322
aniamtionCount: 2
keyframesCount: 5
pos: 0.000000 2.000000 0.000000 0.000000 rot: -0.126410 0.044446 -0.328704 0.934878 0.000000
pos: 0.000000 2.000000 0.000000 0.500000 rot: -0.341714 0.120147 -0.309170 0.879322 0.500000
pos: 0.000000 2.000000 0.000000 1.000000 rot: -0.620959 0.205820 -0.430031 0.622186 1.000000
pos: 0.000000 2.000000 0.000000 1.500000 rot: -0.398163 -0.094687 -0.669745 0.619624 1.500000
pos: 0.000000 2.000000 0.000000 2.000000 rot: -0.341714 0.120147 -0.309170 0.879322 2.000000
keyframesCount: 4
pos: 0.000000 2.000000 0.000000 0.000000 rot: -0.341714 0.120147 -0.309170 0.879322 0.000000
pos: 0.000000 2.000000 0.000000 0.200000 rot: -0.620959 0.205820 -0.430031 0.622186 0.200000
pos: 0.000000 2.000000 0.000000 0.400000 rot: -0.398163 -0.094687 -0.669745 0.619624 0.400000
pos: 0.000000 2.000000 0.000000 0.600000 rot: -0.341714 0.120147 -0.309170 0.879322 0.600000
segType: 5
bone_index: 6
bone_parentIndex: 2
bone_childrenCound: 1
childIndex: 19
toParentTransform: 0.999991 0.004199 -0.000000 0.000000 -0.000789 0.187871 0.982193 0.000000 0.004124 -0.982185 0.187873 0.000000 -0.006309 6.502970 7.857547 1.000000
offsetTransform: 1.000000 0.000000 0.000000 0.000000 0.000000 1.000000 0.000000 0.000000 0.000000 0.000000 1.000000 0.000000 0.000000 2.000000 0.000000 1.000000
boneMatrix: -0.166281 -0.942075 0.291256 0.000000 0.787527 -0.304625 -0.535712 0.000000 0.593410 0.140290 0.792578 0.000000 0.000000 2.000000 0.000000 1.000000
animatePos: 0.000000 2.000000 0.000000
animateRot: -0.294009 0.131414 -0.752244 0.574814
aniamtionCount: 2
keyframesCount: 5
pos: 0.000000 2.000000 0.000000 0.000000 rot: -0.243996 0.175946 -0.557802 0.773539 0.000000
pos: 0.000000 2.000000 0.000000 0.500000 rot: -0.294009 0.131414 -0.752244 0.574814 0.500000
pos: 0.000000 2.000000 0.000000 1.000000 rot: -0.240730 0.140213 -0.597620 0.751816 1.000000
pos: 0.000000 2.000000 0.000000 1.500000 rot: -0.392165 0.261712 -0.555262 0.685117 1.500000
pos: 0.000000 2.000000 0.000000 2.000000 rot: -0.294009 0.131414 -0.752244 0.574814 2.000000
keyframesCount: 4
pos: 0.000000 2.000000 0.000000 0.000000 rot: -0.294009 0.131414 -0.752244 0.574814 0.000000
pos: 0.000000 2.000000 0.000000 0.200000 rot: -0.240730 0.140213 -0.597620 0.751816 0.200000
pos: 0.000000 2.000000 0.000000 0.400000 rot: -0.392165 0.261712 -0.555262 0.685117 0.400000
pos: 0.000000 2.000000 0.000000 0.600000 rot: -0.294009 0.131414 -0.752244 0.574814 0.600000
segType: 5
bone_index: 7
bone_parentIndex: 2
bone_childrenCound: 1
childIndex: 20
toParentTransform: 0.999991 0.004199 -0.000000 0.000000 -0.000789 0.187871 0.982193 0.000000 0.004124 -0.982185 0.187873 0.000000 -0.006309 6.502970 7.857547 1.000000
offsetTransform: 1.000000 0.000000 0.000000 0.000000 0.000000 1.000000 0.000000 0.000000 0.000000 0.000000 1.000000 0.000000 0.000000 2.000000 0.000000 1.000000
boneMatrix: -0.362941 -0.923672 0.122832 0.000000 0.261218 -0.227389 -0.938107 0.000000 0.894440 -0.308399 0.323820 0.000000 0.000000 2.000000 0.000000 1.000000
animatePos: 0.000000 2.000000 0.000000
animateRot: -0.367637 0.450481 -0.691764 0.428213
aniamtionCount: 2
keyframesCount: 5
pos: 0.000000 2.000000 0.000000 0.000000 rot: -0.202934 0.262372 -0.746222 0.577172 0.000000
pos: 0.000000 2.000000 0.000000 0.500000 rot: -0.367637 0.450481 -0.691764 0.428213 0.500000
pos: 0.000000 2.000000 0.000000 1.000000 rot: -0.369115 0.299339 -0.837475 0.269749 1.000000
pos: 0.000000 2.000000 0.000000 1.500000 rot: -0.357557 0.207966 -0.885040 0.213508 1.500000
pos: 0.000000 2.000000 0.000000 2.000000 rot: -0.367637 0.450481 -0.691764 0.428213 2.000000
keyframesCount: 4
pos: 0.000000 2.000000 0.000000 0.000000 rot: -0.367637 0.450481 -0.691764 0.428213 0.000000
pos: 0.000000 2.000000 0.000000 0.200000 rot: -0.369115 0.299339 -0.837475 0.269749 0.200000
pos: 0.000000 2.000000 0.000000 0.400000 rot: -0.357557 0.207966 -0.885040 0.213508 0.400000
pos: 0.000000 2.000000 0.000000 0.600000 rot: -0.367637 0.450481 -0.691764 0.428213 0.600000
segType: 5
bone_index: 8
bone_parentIndex: 2
bone_childrenCound: 1
childIndex: 17
toParentTransform: 0.999991 0.004199 -0.000000 0.000000 -0.000789 0.187871 0.982193 0.000000 0.004124 -0.982185 0.187873 0.000000 -0.006309 6.502970 7.857547 1.000000
offsetTransform: 1.000000 0.000000 0.000000 0.000000 0.000000 1.000000 0.000000 0.000000 0.000000 0.000000 1.000000 0.000000 0.000000 2.000000 0.000000 1.000000
boneMatrix: 0.675110 -0.737379 -0.022193 0.000000 0.737697 0.674589 0.026982 0.000000 -0.004925 -0.034588 0.999390 0.000000 0.000000 2.000000 0.000000 1.000000
animatePos: 0.000000 2.000000 0.000000
animateRot: 0.016822 0.004718 -0.403017 0.915021
aniamtionCount: 2
keyframesCount: 5
pos: 0.000000 2.000000 0.000000 0.000000 rot: -0.164874 0.033516 -0.196368 0.965986 0.000000
pos: 0.000000 2.000000 0.000000 0.500000 rot: 0.016822 0.004718 -0.403017 0.915021 0.500000
pos: 0.000000 2.000000 0.000000 1.000000 rot: 0.097905 -0.020676 -0.273987 0.956508 1.000000
pos: 0.000000 2.000000 0.000000 1.500000 rot: -0.360343 0.109733 -0.251903 0.891428 1.500000
pos: 0.000000 2.000000 0.000000 2.000000 rot: 0.016822 0.004718 -0.403017 0.915021 2.000000
keyframesCount: 4
pos: 0.000000 2.000000 0.000000 0.000000 rot: 0.016822 0.004718 -0.403017 0.915021 0.000000
pos: 0.000000 2.000000 0.000000 0.200000 rot: 0.097905 -0.020676 -0.273987 0.956508 0.200000
pos: 0.000000 2.000000 0.000000 0.400000 rot: -0.360343 0.109733 -0.251903 0.891428 0.400000
pos: 0.000000 2.000000 0.000000 0.600000 rot: 0.016822 0.004718 -0.403017 0.915021 0.600000
segType: 5
bone_index: 9
bone_parentIndex: 2
bone_childrenCound: 1
childIndex: 13
toParentTransform: 0.999991 0.004199 -0.000000 0.000000 -0.000789 0.187871 0.982193 0.000000 0.004124 -0.982185 0.187873 0.000000 -0.006309 6.502970 7.857547 1.000000
offsetTransform: 1.000000 0.000000 0.000000 0.000000 0.000000 1.000000 0.000000 0.000000 0.000000 0.000000 1.000000 0.000000 0.000000 2.000000 0.000000 1.000000
boneMatrix: -0.733106 0.596957 -0.325830 0.000000 -0.397258 -0.764738 -0.507274 0.000000 -0.552004 -0.242454 0.797812 0.000000 0.000000 2.000000 0.000000 1.000000
animatePos: 0.000000 2.000000 0.000000
animateRot: -0.241775 -0.206492 0.907697 0.273829
aniamtionCount: 2
keyframesCount: 5
pos: 0.000000 2.000000 0.000000 0.000000 rot: -0.191523 -0.308598 0.791641 0.491311 0.000000
pos: 0.000000 2.000000 0.000000 0.500000 rot: -0.241775 -0.206492 0.907697 0.273829 0.500000
pos: 0.000000 2.000000 0.000000 1.000000 rot: -0.209742 -0.337302 0.748899 0.530446 1.000000
pos: 0.000000 2.000000 0.000000 1.500000 rot: -0.327091 -0.501854 0.650203 0.467307 1.500000
pos: 0.000000 2.000000 0.000000 2.000000 rot: -0.241775 -0.206492 0.907697 0.273829 2.000000
keyframesCount: 4
pos: 0.000000 2.000000 0.000000 0.000000 rot: -0.241775 -0.206492 0.907697 0.273829 0.000000
pos: 0.000000 2.000000 0.000000 0.200000 rot: -0.209742 -0.337302 0.748899 0.530446 0.200000
pos: 0.000000 2.000000 0.000000 0.400000 rot: -0.327091 -0.501854 0.650203 0.467307 0.400000
pos: 0.000000 2.000000 0.000000 0.600000 rot: -0.241775 -0.206492 0.907697 0.273829 0.600000
segType: 5
bone_index: 10
bone_parentIndex: 2
bone_childrenCound: 1
childIndex: 14
toParentTransform: 0.999991 0.004199 -0.000000 0.000000 -0.000789 0.187871 0.982193 0.000000 0.004124 -0.982185 0.187873 0.000000 -0.006309 6.502970 7.857547 1.000000
offsetTransform: 1.000000 0.000000 0.000000 0.000000 0.000000 1.000000 0.000000 0.000000 0.000000 0.000000 1.000000 0.000000 0.000000 2.000000 0.000000 1.000000
boneMatrix: 0.054569 0.998510 0.000001 0.000000 -0.441314 0.024118 -0.897029 0.000000 -0.895692 0.048949 0.441972 0.000000 0.000000 2.000000 0.000000 1.000000
animatePos: 0.000000 2.000000 0.000000
animateRot: -0.383562 -0.363173 0.583799 0.616575
aniamtionCount: 2
keyframesCount: 5
pos: 0.000000 2.000000 0.000000 0.000000 rot: -0.181057 -0.171433 0.665826 0.703208 0.000000
pos: 0.000000 2.000000 0.000000 0.500000 rot: -0.383561 -0.363172 0.583798 0.616574 0.500000
pos: 0.000000 2.000000 0.000000 1.000000 rot: -0.370609 -0.375138 0.563062 0.636298 1.000000
pos: 0.000000 2.000000 0.000000 1.500000 rot: -0.223014 -0.181695 0.746425 0.600077 1.500000
pos: 0.000000 2.000000 0.000000 2.000000 rot: -0.383562 -0.363173 0.583799 0.616575 2.000000
keyframesCount: 4
pos: 0.000000 2.000000 0.000000 0.000000 rot: -0.383562 -0.363173 0.583799 0.616575 0.000000
pos: 0.000000 2.000000 0.000000 0.200000 rot: -0.370609 -0.375138 0.563062 0.636298 0.200000
pos: 0.000000 2.000000 0.000000 0.400000 rot: -0.223014 -0.181695 0.746425 0.600077 0.400000
pos: 0.000000 2.000000 0.000000 0.600000 rot: -0.383562 -0.363173 0.583799 0.616575 0.600000
segType: 5
bone_index: 11
bone_parentIndex: 2
bone_childrenCound: 1
childIndex: 15
toParentTransform: 0.999991 0.004199 -0.000000 0.000000 -0.000789 0.187871 0.982193 0.000000 0.004124 -0.982185 0.187873 0.000000 -0.006309 6.502970 7.857547 1.000000
offsetTransform: 1.000000 0.000000 0.000000 0.000000 0.000000 1.000000 0.000000 0.000000 0.000000 0.000000 1.000000 0.000000 0.000000 2.000000 0.000000 1.000000
boneMatrix: 0.150820 0.978406 -0.141301 0.000000 -0.944889 0.100665 -0.311515 0.000000 -0.290567 0.180496 0.939676 0.000000 0.000000 2.000000 0.000000 1.000000
animatePos: 0.000000 2.000000 0.000000
animateRot: -0.166192 -0.050419 0.649652 0.740125
aniamtionCount: 2
keyframesCount: 5
pos: 0.000000 2.000000 0.000000 0.000000 rot: -0.256824 -0.180322 0.545601 0.777072 0.000000
pos: 0.000000 2.000000 0.000000 0.500000 rot: -0.166192 -0.050419 0.649652 0.740125 0.500000
pos: 0.000000 2.000000 0.000000 1.000000 rot: -0.166781 -0.118006 0.334754 0.919886 1.000000
pos: 0.000000 2.000000 0.000000 1.500000 rot: -0.391947 -0.209851 0.271877 0.853472 1.500000
pos: 0.000000 2.000000 0.000000 2.000000 rot: -0.166192 -0.050419 0.649652 0.740125 2.000000
keyframesCount: 4
pos: 0.000000 2.000000 0.000000 0.000000 rot: -0.166192 -0.050419 0.649652 0.740125 0.000000
pos: 0.000000 2.000000 0.000000 0.200000 rot: -0.166781 -0.118006 0.334754 0.919886 0.200000
pos: 0.000000 2.000000 0.000000 0.400000 rot: -0.391947 -0.209851 0.271877 0.853472 0.400000
pos: 0.000000 2.000000 0.000000 0.600000 rot: -0.166192 -0.050419 0.649652 0.740125 0.600000
segType: 5
bone_index: 12
bone_parentIndex: 2
bone_childrenCound: 1
childIndex: 16
toParentTransform: 0.999991 0.004199 -0.000000 0.000000 -0.000789 0.187871 0.982193 0.000000 0.004124 -0.982185 0.187873 0.000000 -0.006309 6.502970 7.857547 1.000000
offsetTransform: 1.000000 0.000000 0.000000 0.000000 0.000000 1.000000 0.000000 0.000000 0.000000 0.000000 1.000000 0.000000 0.000000 2.000000 0.000000 1.000000
boneMatrix: 0.860388 0.461621 0.215960 0.000000 -0.222510 0.721484 -0.655704 0.000000 -0.458499 0.516106 0.723472 0.000000 0.000000 2.000000 0.000000 1.000000
animatePos: 0.000000 2.000000 0.000000
animateRot: -0.322270 -0.185489 0.188149 0.909028
aniamtionCount: 2
keyframesCount: 5
pos: 0.000000 2.000000 0.000000 0.000000 rot: -0.182748 -0.081841 0.400441 0.894175 0.000000
pos: 0.000000 2.000000 0.000000 0.500000 rot: -0.322270 -0.185489 0.188149 0.909028 0.500000
pos: 0.000000 2.000000 0.000000 1.000000 rot: -0.415192 -0.125124 0.400376 0.807250 1.000000
pos: 0.000000 2.000000 0.000000 1.500000 rot: -0.147405 -0.023593 0.485496 0.861394 1.500000
pos: 0.000000 2.000000 0.000000 2.000000 rot: -0.322270 -0.185489 0.188149 0.909028 2.000000
keyframesCount: 4
pos: 0.000000 2.000000 0.000000 0.000000 rot: -0.322270 -0.185489 0.188149 0.909028 0.000000
pos: 0.000000 2.000000 0.000000 0.200000 rot: -0.415192 -0.125124 0.400376 0.807250 0.200000
pos: 0.000000 2.000000 0.000000 0.400000 rot: -0.147405 -0.023593 0.485496 0.861394 0.400000
pos: 0.000000 2.000000 0.000000 0.600000 rot: -0.322270 -0.185489 0.188149 0.909028 0.600000
segType: 5
bone_index: 13
bone_parentIndex: 9
bone_childrenCound: 0
toParentTransform: -0.734914 0.429098 0.525113 0.000000 -0.398744 0.352897 -0.846424 0.000000 -0.548517 -0.831467 -0.088250 0.000000 -0.007887 6.878713 9.821934 1.000000
offsetTransform: 1.000000 0.000000 0.000000 0.000000 0.000000 1.000000 0.000000 0.000000 0.000000 0.000000 1.000000 0.000000 0.000000 20.000000 0.000000 1.000000
boneMatrix: 0.944081 0.140774 0.298149 0.000000 -0.328603 0.475831 0.815842 0.000000 -0.027017 -0.868194 0.495482 0.000000 0.000000 20.000000 0.000000 1.000000
animatePos: 0.000000 20.000000 0.000000
animateRot: 0.493145 -0.095220 0.137450 0.853723
aniamtionCount: 2
keyframesCount: 5
pos: 0.000000 20.000000 0.000000 0.000000 rot: 0.830301 0.000000 0.000000 0.557312 0.000000
pos: 0.000000 20.000000 0.000000 0.500000 rot: 0.493145 -0.095220 0.137450 0.853723 0.500000
pos: 0.000000 20.000000 0.000000 1.000000 rot: 0.845716 -0.016477 0.166397 0.506752 1.000000
pos: 0.000000 20.000000 0.000000 1.500000 rot: 0.959700 0.034857 0.163537 0.225852 1.500000
pos: 0.000000 20.000000 0.000000 2.000000 rot: 0.493145 -0.095220 0.137450 0.853723 2.000000
keyframesCount: 4
pos: 0.000000 20.000000 0.000000 0.000000 rot: 0.493145 -0.095220 0.137450 0.853723 0.000000
pos: 0.000000 20.000000 0.000000 0.200000 rot: 0.845716 -0.016477 0.166397 0.506752 0.200000
pos: 0.000000 20.000000 0.000000 0.400000 rot: 0.959700 0.034857 0.163537 0.225852 0.400000
pos: 0.000000 20.000000 0.000000 0.600000 rot: 0.493145 -0.095220 0.137450 0.853723 0.600000
segType: 5
bone_index: 14
bone_parentIndex: 10
bone_childrenCound: 0
toParentTransform: 0.053781 0.187820 0.980730 0.000000 -0.445028 0.883726 -0.144839 0.000000 -0.893900 -0.428663 0.131113 0.000000 -0.007887 6.878713 9.821934 1.000000
offsetTransform: 1.000000 0.000000 0.000000 0.000000 0.000000 1.000000 0.000000 0.000000 0.000000 0.000000 1.000000 0.000000 0.000000 20.000000 0.000000 1.000000
boneMatrix: 1.000000 0.000000 0.000000 0.000000 0.000000 -0.782570 0.622543 0.000000 0.000000 -0.622543 -0.782570 0.000000 0.000000 20.000000 0.000000 1.000000
animatePos: 0.000000 20.000000 0.000000
animateRot: 0.944079 0.000000 0.000000 0.329709
aniamtionCount: 2
keyframesCount: 5
pos: 0.000000 20.000000 0.000000 0.000000 rot: 0.665115 0.000000 0.000000 0.746738 0.000000
pos: 0.000000 20.000000 0.000000 0.500000 rot: 0.944079 0.000000 0.000000 0.329709 0.500000
pos: 0.000000 20.000000 0.000000 1.000000 rot: 0.965329 -0.135323 0.066146 0.213178 1.000000
pos: 0.000000 20.000000 0.000000 1.500000 rot: 0.751640 -0.073029 -0.035626 0.654543 1.500000
pos: 0.000000 20.000000 0.000000 2.000000 rot: 0.944079 0.000000 0.000000 0.329709 2.000000
keyframesCount: 4
pos: 0.000000 20.000000 0.000000 0.000000 rot: 0.944079 0.000000 0.000000 0.329709 0.000000
pos: 0.000000 20.000000 0.000000 0.200000 rot: 0.965329 -0.135323 0.066146 0.213178 0.200000
pos: 0.000000 20.000000 0.000000 0.400000 rot: 0.751640 -0.073029 -0.035626 0.654543 0.400000
pos: 0.000000 20.000000 0.000000 0.600000 rot: 0.944079 0.000000 0.000000 0.329709 0.600000
segType: 5
bone_index: 15
bone_parentIndex: 11
bone_childrenCound: 0
toParentTransform: 0.149465 0.323232 0.934437 0.000000 -0.946245 0.320910 0.040347 0.000000 -0.286831 -0.890246 0.353822 0.000000 -0.007887 6.878713 9.821934 1.000000
offsetTransform: 1.000000 0.000000 0.000000 0.000000 0.000000 1.000000 0.000000 0.000000 0.000000 0.000000 1.000000 0.000000 0.000000 20.000000 0.000000 1.000000
boneMatrix: 1.000000 0.000000 0.000000 0.000000 0.000000 0.376857 0.926268 0.000000 0.000000 -0.926268 0.376857 0.000000 0.000000 20.000000 0.000000 1.000000
animatePos: 0.000000 20.000000 0.000000
animateRot: 0.558186 0.000000 0.000000 0.829713
aniamtionCount: 2
keyframesCount: 5
pos: 0.000000 20.000000 0.000000 0.000000 rot: 0.848555 0.000000 0.000000 0.529105 0.000000
pos: 0.000000 20.000000 0.000000 0.500000 rot: 0.558186 0.000000 0.000000 0.829713 0.500000
pos: 0.000000 20.000000 0.000000 1.000000 rot: 0.715226 0.000000 0.000000 0.698890 1.000000
pos: 0.000000 20.000000 0.000000 1.500000 rot: 0.931731 0.102151 -0.037978 0.346401 1.500000
pos: 0.000000 20.000000 0.000000 2.000000 rot: 0.558186 0.000000 0.000000 0.829713 2.000000
keyframesCount: 4
pos: 0.000000 20.000000 0.000000 0.000000 rot: 0.558186 0.000000 0.000000 0.829713 0.000000
pos: 0.000000 20.000000 0.000000 0.200000 rot: 0.715226 0.000000 0.000000 0.698890 0.200000
pos: 0.000000 20.000000 0.000000 0.400000 rot: 0.931731 0.102151 -0.037978 0.346401 0.400000
pos: 0.000000 20.000000 0.000000 0.600000 rot: 0.558186 0.000000 0.000000 0.829713 0.600000
segType: 5
bone_index: 16
bone_parentIndex: 12
bone_childrenCound: 0
toParentTransform: 0.860907 -0.121774 0.493973 0.000000 -0.225782 0.778634 0.585448 0.000000 -0.455918 -0.615547 0.642837 0.000000 -0.007887 6.878713 9.821934 1.000000
offsetTransform: 1.000000 0.000000 0.000000 0.000000 0.000000 1.000000 0.000000 0.000000 0.000000 0.000000 1.000000 0.000000 0.000000 20.000000 0.000000 1.000000
boneMatrix: 0.979748 0.103271 -0.171549 0.000000 0.187604 -0.772887 0.606161 0.000000 -0.069990 -0.626069 -0.776608 0.000000 0.000000 20.000000 0.000000 1.000000
animatePos: 0.000000 20.000000 0.000000
animateRot: 0.939314 0.077417 -0.064286 0.327960
aniamtionCount: 2
keyframesCount: 5
pos: 0.000000 20.000000 0.000000 0.000000 rot: 0.678338 0.000000 0.000000 0.734748 0.000000
pos: 0.000000 20.000000 0.000000 0.500000 rot: 0.939314 0.077417 -0.064286 0.327960 0.500000
pos: 0.000000 20.000000 0.000000 1.000000 rot: 0.931107 -0.098879 0.006878 0.351005 1.000000
pos: 0.000000 20.000000 0.000000 1.500000 rot: 0.546301 -0.169345 0.029286 0.819761 1.500000
pos: 0.000000 20.000000 0.000000 2.000000 rot: 0.939314 0.077417 -0.064286 0.327960 2.000000
keyframesCount: 4
pos: 0.000000 20.000000 0.000000 0.000000 rot: 0.939314 0.077417 -0.064286 0.327960 0.000000
pos: 0.000000 20.000000 0.000000 0.200000 rot: 0.931107 -0.098879 0.006878 0.351005 0.200000
pos: 0.000000 20.000000 0.000000 0.400000 rot: 0.546301 -0.169345 0.029286 0.819761 0.400000
pos: 0.000000 20.000000 0.000000 0.600000 rot: 0.939314 0.077417 -0.064286 0.327960 0.600000
segType: 5
bone_index: 17
bone_parentIndex: 8
bone_childrenCound: 0
toParentTransform: 0.675594 -0.113900 -0.728419 0.000000 0.737270 0.103332 0.667646 0.000000 -0.000776 -0.988104 0.153786 0.000000 -0.007887 6.878713 9.821934 1.000000
offsetTransform: 1.000000 0.000000 0.000000 0.000000 0.000000 1.000000 0.000000 0.000000 0.000000 0.000000 1.000000 0.000000 0.000000 20.000000 0.000000 1.000000
boneMatrix: 1.000000 0.000000 0.000000 0.000000 0.000000 0.857864 0.513875 0.000000 0.000000 -0.513875 0.857864 0.000000 0.000000 20.000000 0.000000 1.000000
animatePos: 0.000000 20.000000 0.000000
animateRot: 0.266586 0.000000 0.000000 0.963808
aniamtionCount: 2
keyframesCount: 5
pos: 0.000000 20.000000 0.000000 0.000000 rot: 0.701891 0.000000 0.000000 0.712283 0.000000
pos: 0.000000 20.000000 0.000000 0.500000 rot: 0.266586 0.000000 0.000000 0.963808 0.500000
pos: 0.000000 20.000000 0.000000 1.000000 rot: 0.117329 0.000000 0.000000 0.993089 1.000000
pos: 0.000000 20.000000 0.000000 1.500000 rot: 0.820219 0.000000 0.000000 0.572041 1.500000
pos: 0.000000 20.000000 0.000000 2.000000 rot: 0.266586 0.000000 0.000000 0.963808 2.000000
keyframesCount: 4
pos: 0.000000 20.000000 0.000000 0.000000 rot: 0.266586 0.000000 0.000000 0.963808 0.000000
pos: 0.000000 20.000000 0.000000 0.200000 rot: 0.117329 0.000000 0.000000 0.993089 0.200000
pos: 0.000000 20.000000 0.000000 0.400000 rot: 0.820219 0.000000 0.000000 0.572041 0.400000
pos: 0.000000 20.000000 0.000000 0.600000 rot: 0.266586 0.000000 0.000000 0.963808 0.600000
segType: 5
bone_index: 18
bone_parentIndex: 5
bone_childrenCound: 0
toParentTransform: 0.780444 -0.114300 -0.614688 0.000000 0.458365 0.773234 0.438187 0.000000 0.425214 -0.623733 0.655857 0.000000 -0.007887 6.878713 9.821934 1.000000
offsetTransform: 1.000000 0.000000 0.000000 0.000000 0.000000 1.000000 0.000000 0.000000 0.000000 0.000000 1.000000 0.000000 0.000000 20.000000 0.000000 1.000000
boneMatrix: 0.997743 -0.037131 0.055949 0.000000 -0.067149 -0.551699 0.831329 0.000000 -0.000001 -0.833209 -0.552947 0.000000 0.000000 20.000000 0.000000 1.000000
animatePos: 0.000000 20.000000 0.000000
animateRot: 0.880680 -0.029602 0.015882 0.472515
aniamtionCount: 2
keyframesCount: 5
pos: 0.000000 20.000000 0.000000 0.000000 rot: 0.610149 0.000000 0.000000 0.792285 0.000000
pos: 0.000000 20.000000 0.000000 0.500000 rot: 0.880680 -0.029602 0.015882 0.472515 0.500000
pos: 0.000000 20.000000 0.000000 1.000000 rot: 0.801850 0.229570 -0.095183 0.543385 1.000000
pos: 0.000000 20.000000 0.000000 1.500000 rot: 0.653894 0.245389 -0.039322 0.714598 1.500000
pos: 0.000000 20.000000 0.000000 2.000000 rot: 0.880680 -0.029602 0.015882 0.472515 2.000000
keyframesCount: 4
pos: 0.000000 20.000000 0.000000 0.000000 rot: 0.880680 -0.029602 0.015882 0.472515 0.000000
pos: 0.000000 20.000000 0.000000 0.200000 rot: 0.801850 0.229570 -0.095183 0.543385 0.200000
pos: 0.000000 20.000000 0.000000 0.400000 rot: 0.653894 0.245389 -0.039322 0.714598 0.400000
pos: 0.000000 20.000000 0.000000 0.600000 rot: 0.880680 -0.029602 0.015882 0.472515 0.600000
segType: 5
bone_index: 19
bone_parentIndex: 6
bone_childrenCound: 0
toParentTransform: -0.164336 -0.463754 -0.870580 0.000000 0.785551 0.472245 -0.399846 0.000000 0.596563 -0.749610 0.286696 0.000000 -0.007887 6.878713 9.821934 1.000000
offsetTransform: 1.000000 0.000000 0.000000 0.000000 0.000000 1.000000 0.000000 0.000000 0.000000 0.000000 1.000000 0.000000 0.000000 20.000000 0.000000 1.000000
boneMatrix: 0.820649 -0.123411 -0.557945 0.000000 0.571425 0.173089 0.802184 0.000000 -0.002429 -0.977137 0.212567 0.000000 0.000000 20.000000 0.000000 1.000000
animatePos: 0.000000 20.000000 0.000000
animateRot: 0.598956 0.186998 -0.233896 0.742676
aniamtionCount: 2
keyframesCount: 5
pos: 0.000000 20.000000 0.000000 0.000000 rot: 0.820221 0.000000 0.000000 0.572044 0.000000
pos: 0.000000 20.000000 0.000000 0.500000 rot: 0.598956 0.186998 -0.233896 0.742676 0.500000
pos: 0.000000 20.000000 0.000000 1.000000 rot: 0.770648 0.011117 -0.112989 0.627058 1.000000
pos: 0.000000 20.000000 0.000000 1.500000 rot: 0.895558 -0.015520 -0.112469 0.430204 1.500000
pos: 0.000000 20.000000 0.000000 2.000000 rot: 0.598956 0.186998 -0.233896 0.742676 2.000000
keyframesCount: 4
pos: 0.000000 20.000000 0.000000 0.000000 rot: 0.598956 0.186998 -0.233896 0.742676 0.000000
pos: 0.000000 20.000000 0.000000 0.200000 rot: 0.770648 0.011117 -0.112989 0.627058 0.200000
pos: 0.000000 20.000000 0.000000 0.400000 rot: 0.895558 -0.015520 -0.112469 0.430204 0.400000
pos: 0.000000 20.000000 0.000000 0.600000 rot: 0.598956 0.186998 -0.233896 0.742676 0.600000
segType: 5
bone_index: 20
bone_parentIndex: 7
bone_childrenCound: 0
toParentTransform: -0.361703 -0.295700 -0.884147 0.000000 0.257526 0.879771 -0.399585 0.000000 0.896011 -0.372234 -0.242071 0.000000 -0.007887 6.878713 9.821934 1.000000
offsetTransform: 1.000000 0.000000 0.000000 0.000000 0.000000 1.000000 0.000000 0.000000 0.000000 0.000000 1.000000 0.000000 0.000000 20.000000 0.000000 1.000000
boneMatrix: 1.000000 0.000000 0.000000 0.000000 0.000000 -0.715956 0.698134 0.000000 0.000000 -0.698134 -0.715956 0.000000 0.000000 20.000000 0.000000 1.000000
animatePos: 0.000000 20.000000 0.000000
animateRot: 0.926271 0.000000 0.000000 0.376852
aniamtionCount: 2
keyframesCount: 5
pos: 0.000000 20.000000 0.000000 0.000000 rot: 0.800541 0.000000 0.000000 0.599275 0.000000
pos: 0.000000 20.000000 0.000000 0.500000 rot: 0.926271 0.000000 0.000000 0.376852 0.500000
pos: 0.000000 20.000000 0.000000 1.000000 rot: 0.475009 0.322816 -0.167382 0.801331 1.000000
pos: 0.000000 20.000000 0.000000 1.500000 rot: 0.540111 0.241402 -0.148126 0.792498 1.500000
pos: 0.000000 20.000000 0.000000 2.000000 rot: 0.926271 0.000000 0.000000 0.376852 2.000000
keyframesCount: 4
pos: 0.000000 20.000000 0.000000 0.000000 rot: 0.926271 0.000000 0.000000 0.376852 0.000000
pos: 0.000000 20.000000 0.000000 0.200000 rot: 0.475009 0.322816 -0.167382 0.801331 0.200000
pos: 0.000000 20.000000 0.000000 0.400000 rot: 0.540111 0.241402 -0.148126 0.792498 0.400000
pos: 0.000000 20.000000 0.000000 0.600000 rot: 0.926271 0.000000 0.000000 0.376852 0.600000
