Number Of SegType: 4
ambient: 1.000000 0.000000 0.000000 1.000000
diffuse: 0.501961 0.501961 0.501961 1.000000
childSpwanPos: 0.000000 14.000000 0.000000
adjestMat: 1.000000 0.000000 0.000000 0.000000 0.000000 7.000000 0.000000 0.000000 0.000000 0.000000 1.000000 0.000000 0.000000 7.000000 0.000000 1.000000
ambient: 0.000000 0.501961 0.000000 1.000000
diffuse: 0.501961 0.501961 0.501961 1.000000
childSpwanPos: 0.000000 6.000000 0.000000
adjestMat: 0.500000 0.000000 0.000000 0.000000 0.000000 3.000000 0.000000 0.000000 0.000000 0.000000 0.500000 0.000000 0.000000 3.000000 0.000000 1.000000
ambient: 0.000000 0.000000 1.000000 1.000000
diffuse: 0.501961 0.501961 0.501961 1.000000
childSpwanPos: 0.000000 8.000000 0.000000
adjestMat: 0.500000 0.000000 0.000000 0.000000 0.000000 4.000000 0.000000 0.000000 0.000000 0.000000 0.500000 0.000000 0.000000 4.000000 0.000000 1.000000
ambient: 1.000000 1.000000 0.000000 1.000000
diffuse: 0.501961 0.501961 0.501961 1.000000
childSpwanPos: 0.000000 2.000000 0.000000
adjestMat: 1.000000 0.000000 0.000000 0.000000 0.000000 1.000000 0.000000 0.000000 0.000000 0.000000 1.000000 0.000000 0.000000 1.000000 0.000000 1.000000
currentSelectSegment: 0
currentChildBoneIndex: 0
maxSeg: 200
Number Of Seg: 10
segType: 0
bone_index: 0
bone_parentIndex: -1
bone_childrenCound: 1
childIndex: 1
toParentTransform: 1.000000 0.000000 0.000000 0.000000 0.000000 1.000000 0.000000 0.000000 0.000000 0.000000 1.000000 0.000000 0.000000 0.000000 0.000000 1.000000
offsetTransform: 1.000000 0.000000 0.000000 0.000000 0.000000 1.000000 0.000000 0.000000 0.000000 0.000000 1.000000 0.000000 0.000000 0.000000 0.000000 1.000000
boneMatrix: -0.999018 0.044093 0.000000 0.000000 -0.044093 -0.999018 0.000000 0.000000 0.000000 0.000000 1.000000 0.000000 0.000000 25.000000 0.000000 1.000000
animatePos: 0.000000 25.000000 0.000000
animateRot: 0.000000 0.000000 -0.999754 -0.022052
aniamtionCount: 0
segType: 3
bone_index: 1
bone_parentIndex: 0
bone_childrenCound: 4
childIndex: 2
childIndex: 3
childIndex: 4
childIndex: 5
toParentTransform: -0.999018 0.044093 0.000000 0.000000 -0.044093 -0.999018 0.000000 0.000000 0.000000 0.000000 1.000000 0.000000 0.000000 25.000000 0.000000 1.000000
offsetTransform: 1.000000 0.000000 0.000000 0.000000 0.000000 1.000000 0.000000 0.000000 0.000000 0.000000 1.000000 0.000000 0.000000 14.000000 0.000000 1.000000
boneMatrix: 1.000000 0.000000 0.000000 0.000000 0.000000 1.000000 0.000000 0.000000 0.000000 0.000000 1.000000 0.000000 0.000000 14.000000 0.000000 1.000000
animatePos: 0.000000 14.000000 0.000000
animateRot: 0.000000 0.000000 0.000000 1.000000
aniamtionCount: 0
segType: 2
bone_index: 2
bone_parentIndex: 1
bone_childrenCound: 1
childIndex: 8
toParentTransform: -0.999018 0.044093 0.000000 0.000000 -0.044093 -0.999018 0.000000 0.000000 0.000000 0.000000 1.000000 0.000000 -0.617295 11.013754 0.000000 1.000000
offsetTransform: 1.000000 0.000000 0.000000 0.000000 0.000000 1.000000 0.000000 0.000000 0.000000 0.000000 1.000000 0.000000 0.000000 2.000000 0.000000 1.000000
boneMatrix: 0.690586 0.081838 -0.718603 0.000000 -0.712810 0.245212 -0.657088 0.000000 0.122432 0.966005 0.227677 0.000000 0.000000 2.000000 0.000000 1.000000
animatePos: 0.000000 2.000000 0.000000
animateRot: -0.551747 0.285898 0.270129 0.735434
aniamtionCount: 0
segType: 2
bone_index: 3
bone_parentIndex: 1
bone_childrenCound: 1
childIndex: 7
toParentTransform: -0.999018 0.044093 0.000000 0.000000 -0.044093 -0.999018 0.000000 0.000000 0.000000 0.000000 1.000000 0.000000 -0.617295 11.013754 0.000000 1.000000
offsetTransform: 1.000000 0.000000 0.000000 0.000000 0.000000 1.000000 0.000000 0.000000 0.000000 0.000000 1.000000 0.000000 0.000000 2.000000 0.000000 1.000000
boneMatrix: -0.615948 0.019853 -0.787521 0.000000 0.752026 0.312541 -0.580314 0.000000 0.234608 -0.949691 -0.207430 0.000000 0.000000 2.000000 0.000000 1.000000
animatePos: 0.000000 2.000000 0.000000
animateRot: 0.264075 0.730739 -0.523444 0.349690
aniamtionCount: 0
segType: 2
bone_index: 4
bone_parentIndex: 1
bone_childrenCound: 1
childIndex: 6
toParentTransform: -0.999018 0.044093 0.000000 0.000000 -0.044093 -0.999018 0.000000 0.000000 0.000000 0.000000 1.000000 0.000000 -0.617295 11.013754 0.000000 1.000000
offsetTransform: 1.000000 0.000000 0.000000 0.000000 0.000000 1.000000 0.000000 0.000000 0.000000 0.000000 1.000000 0.000000 0.000000 2.000000 0.000000 1.000000
boneMatrix: 0.216334 -0.975940 0.027036 0.000000 0.541296 0.142944 0.828586 0.000000 -0.812520 -0.164612 0.559204 0.000000 0.000000 2.000000 0.000000 1.000000
animatePos: 0.000000 2.000000 0.000000
animateRot: 0.358534 -0.303070 -0.547706 0.692541
aniamtionCount: 0
segType: 2
bone_index: 5
bone_parentIndex: 1
bone_childrenCound: 1
childIndex: 9
toParentTransform: -0.999018 0.044093 0.000000 0.000000 -0.044093 -0.999018 0.000000 0.000000 0.000000 0.000000 1.000000 0.000000 -0.617295 11.013754 0.000000 1.000000
offsetTransform: 1.000000 0.000000 0.000000 0.000000 0.000000 1.000000 0.000000 0.000000 0.000000 0.000000 1.000000 0.000000 0.000000 2.000000 0.000000 1.000000
boneMatrix: 0.660812 0.017067 0.750350 0.000000 -0.738647 0.192102 0.646119 0.000000 -0.133105 -0.981212 0.139555 0.000000 0.000000 2.000000 0.000000 1.000000
animatePos: 0.000000 2.000000 0.000000
animateRot: 0.576445 -0.312944 0.267694 0.705761
aniamtionCount: 0
segType: 1
bone_index: 6
bone_parentIndex: 4
bone_childrenCound: 0
toParentTransform: -0.173090 0.984520 0.027036 0.000000 -0.547067 -0.118937 0.828586 0.000000 0.818980 0.128624 0.559204 0.000000 -0.705480 9.015718 0.000000 1.000000
offsetTransform: 1.000000 0.000000 0.000000 0.000000 0.000000 1.000000 0.000000 0.000000 0.000000 0.000000 1.000000 0.000000 0.000000 8.000000 0.000000 1.000000
boneMatrix: 0.605980 0.795480 0.000000 0.000000 -0.795480 0.605980 0.000000 0.000000 0.000000 0.000000 1.000000 0.000000 0.000000 8.000000 0.000000 1.000000
animatePos: 0.000000 8.000000 0.000000
animateRot: 0.000000 0.000000 0.443858 0.896096
aniamtionCount: 0
segType: 1
bone_index: 7
bone_parentIndex: 3
bone_childrenCound: 0
toParentTransform: 0.614467 -0.046992 -0.787521 0.000000 -0.765068 -0.279076 -0.580314 0.000000 -0.192503 0.959103 -0.207430 0.000000 -0.705480 9.015718 0.000000 1.000000
offsetTransform: 1.000000 0.000000 0.000000 0.000000 0.000000 1.000000 0.000000 0.000000 0.000000 0.000000 1.000000 0.000000 0.000000 8.000000 0.000000 1.000000
boneMatrix: 1.000000 0.000000 0.000000 0.000000 0.000000 0.584041 -0.811723 0.000000 0.000000 0.811723 0.584041 0.000000 0.000000 8.000000 0.000000 1.000000
animatePos: 0.000000 8.000000 0.000000
animateRot: -0.456048 0.000000 0.000000 0.889954
aniamtionCount: 0
segType: 1
bone_index: 8
bone_parentIndex: 2
bone_childrenCound: 0
toParentTransform: -0.693516 -0.051308 -0.718603 0.000000 0.701298 -0.276401 -0.657088 0.000000 -0.164905 -0.959657 0.227677 0.000000 -0.705480 9.015718 0.000000 1.000000
offsetTransform: 1.000000 0.000000 0.000000 0.000000 0.000000 1.000000 0.000000 0.000000 0.000000 0.000000 1.000000 0.000000 0.000000 8.000000 0.000000 1.000000
boneMatrix: 1.000000 0.000000 0.000000 0.000000 0.000000 0.662759 0.748832 0.000000 0.000000 -0.748832 0.662759 0.000000 0.000000 8.000000 0.000000 1.000000
animatePos: 0.000000 8.000000 0.000000
animateRot: 0.410634 0.000000 0.000000 0.911799
aniamtionCount: 0
segType: 1
bone_index: 9
bone_parentIndex: 5
bone_childrenCound: 0
toParentTransform: -0.660915 0.012087 0.750350 0.000000 0.729451 -0.224482 0.646119 0.000000 0.176239 0.974379 0.139555 0.000000 -0.705480 9.015718 0.000000 1.000000
offsetTransform: 1.000000 0.000000 0.000000 0.000000 0.000000 1.000000 0.000000 0.000000 0.000000 0.000000 1.000000 0.000000 0.000000 8.000000 0.000000 1.000000
boneMatrix: 1.000000 0.000000 0.000000 0.000000 0.000000 0.731894 -0.681418 0.000000 0.000000 0.681418 0.731894 0.000000 0.000000 8.000000 0.000000 1.000000
animatePos: 0.000000 8.000000 0.000000
animateRot: -0.366133 0.000000 0.000000 0.930562
aniamtionCount: 0
