Number Of SegType: 4
ambient: 1.000000 0.000000 0.000000 1.000000
diffuse: 0.501961 0.501961 0.501961 1.000000
childSpwanPos: 0.000000 14.000000 0.000000
adjestMat: 1.000000 0.000000 0.000000 0.000000 0.000000 7.000000 0.000000 0.000000 0.000000 0.000000 1.000000 0.000000 0.000000 7.000000 0.000000 1.000000
ambient: 0.000000 0.501961 0.000000 1.000000
diffuse: 0.501961 0.501961 0.501961 1.000000
childSpwanPos: 0.000000 6.000000 0.000000
adjestMat: 0.500000 0.000000 0.000000 0.000000 0.000000 3.000000 0.000000 0.000000 0.000000 0.000000 0.500000 0.000000 0.000000 3.000000 0.000000 1.000000
ambient: 0.000000 0.000000 1.000000 1.000000
diffuse: 0.501961 0.501961 0.501961 1.000000
childSpwanPos: 0.000000 10.000000 0.000000
adjestMat: 0.500000 0.000000 0.000000 0.000000 0.000000 5.000000 0.000000 0.000000 0.000000 0.000000 0.500000 0.000000 0.000000 5.000000 0.000000 1.000000
ambient: 1.000000 1.000000 0.000000 1.000000
diffuse: 0.501961 0.501961 0.501961 1.000000
childSpwanPos: 0.000000 2.000000 0.000000
adjestMat: 1.000000 0.000000 0.000000 0.000000 0.000000 1.000000 0.000000 0.000000 0.000000 0.000000 1.000000 0.000000 0.000000 1.000000 0.000000 1.000000
currentSelectSegment: 0
currentChildBoneIndex: 0
maxSeg: 200
Number Of Seg: 3
segType: 0
bone_index: 0
bone_parentIndex: -1
bone_childrenCound: 1
childIndex: 1
toParentTransform: 1.000000 0.000000 0.000000 0.000000 0.000000 1.000000 0.000000 0.000000 0.000000 0.000000 1.000000 0.000000 0.000000 0.000000 0.000000 1.000000
offsetTransform: 1.000000 0.000000 0.000000 0.000000 0.000000 1.000000 0.000000 0.000000 0.000000 0.000000 1.000000 0.000000 0.000000 0.000000 0.000000 1.000000
boneMatrix: 0.828541 -0.559929 0.000000 0.000000 0.559929 0.828541 0.000000 0.000000 0.000000 0.000000 1.000000 0.000000 0.000000 0.000000 -20.000000 1.000000
animatePos: 0.000000 0.000000 -20.000000
animateRot: 0.000000 0.000000 -0.292796 0.956175
aniamtionCount: 1
keyframesCount: 3
pos: 0.000000 0.000000 0.000000 0.000000 rot: 0.000000 0.000000 0.000000 1.000000 0.000000
pos: 0.000000 0.000000 0.000000 1.000000 rot: 0.000000 0.000000 0.000000 1.000000 1.000000
pos: 0.000000 0.000000 -20.000000 2.000000 rot: 0.000000 0.000000 -0.292796 0.956175 2.000000
segType: 2
bone_index: 1
bone_parentIndex: 0
bone_childrenCound: 1
childIndex: 2
toParentTransform: 0.828541 -0.559929 0.000000 0.000000 0.559929 0.828541 0.000000 0.000000 0.000000 0.000000 1.000000 0.000000 0.000000 0.000000 -20.000000 1.000000
offsetTransform: 1.000000 0.000000 0.000000 0.000000 0.000000 1.000000 0.000000 0.000000 0.000000 0.000000 1.000000 0.000000 0.000000 14.000000 0.000000 1.000000
boneMatrix: -0.137401 0.674341 -0.725521 0.000000 0.722385 -0.432925 -0.539195 0.000000 -0.677700 -0.598193 -0.427648 0.000000 0.000000 14.000000 0.000000 1.000000
animatePos: 0.000000 14.000000 0.000000
animateRot: -0.656348 -0.532007 0.534481 -0.022472
aniamtionCount: 1
keyframesCount: 3
pos: 0.000000 14.000000 0.000000 0.000000 rot: 0.000000 0.000000 0.000000 1.000000 0.000000
pos: 0.000000 14.000000 0.000000 1.000000 rot: -0.477331 -0.215572 0.350623 0.776368 1.000000
pos: 0.000000 14.000000 0.000000 2.000000 rot: -0.656348 -0.532007 0.534481 -0.022472 2.000000
segType: 3
bone_index: 2
bone_parentIndex: 1
bone_childrenCound: 0
toParentTransform: 0.263741 0.635654 -0.725521 0.000000 0.356118 -0.763180 -0.539195 0.000000 -0.896448 -0.116164 -0.427648 0.000000 7.839005 11.599568 -20.000000 1.000000
offsetTransform: 1.000000 0.000000 0.000000 0.000000 0.000000 1.000000 0.000000 0.000000 0.000000 0.000000 1.000000 0.000000 0.000000 10.000000 0.000000 1.000000
boneMatrix: 0.052473 -0.998622 0.000000 0.000000 0.998622 0.052473 0.000000 0.000000 0.000000 0.000000 1.000000 0.000000 0.000000 10.000000 0.000000 1.000000
animatePos: 0.000000 10.000000 0.000000
animateRot: 0.000000 0.000000 -0.688305 0.725421
aniamtionCount: 1
keyframesCount: 3
pos: 0.000000 10.000000 0.000000 0.000000 rot: 0.000000 0.000000 0.000000 1.000000 0.000000
pos: 0.000000 10.000000 0.000000 1.000000 rot: 0.000000 0.000000 -0.688305 0.725421 1.000000
pos: 0.000000 10.000000 0.000000 2.000000 rot: 0.000000 0.000000 -0.688305 0.725421 2.000000
