Number Of SegType: 4
ambient: 1.000000 0.000000 0.000000 1.000000
diffuse: 0.501961 0.501961 0.501961 1.000000
childSpwanPos: 0.000000 14.000000 0.000000
adjestMat: 1.000000 0.000000 0.000000 0.000000 0.000000 7.000000 0.000000 0.000000 0.000000 0.000000 1.000000 0.000000 0.000000 7.000000 0.000000 1.000000
ambient: 0.000000 0.501961 0.000000 1.000000
diffuse: 0.501961 0.501961 0.501961 1.000000
childSpwanPos: 0.000000 6.000000 0.000000
adjestMat: 0.500000 0.000000 0.000000 0.000000 0.000000 3.000000 0.000000 0.000000 0.000000 0.000000 0.500000 0.000000 0.000000 3.000000 0.000000 1.000000
ambient: 0.000000 0.000000 1.000000 1.000000
diffuse: 0.501961 0.501961 0.501961 1.000000
childSpwanPos: 0.000000 8.000000 0.000000
adjestMat: 0.500000 0.000000 0.000000 0.000000 0.000000 4.000000 0.000000 0.000000 0.000000 0.000000 0.500000 0.000000 0.000000 4.000000 0.000000 1.000000
ambient: 1.000000 1.000000 0.000000 1.000000
diffuse: 0.501961 0.501961 0.501961 1.000000
childSpwanPos: 0.000000 2.000000 0.000000
adjestMat: 1.000000 0.000000 0.000000 0.000000 0.000000 1.000000 0.000000 0.000000 0.000000 0.000000 1.000000 0.000000 0.000000 1.000000 0.000000 1.000000
currentSelectSegment: 7
currentChildBoneIndex: 0
maxSeg: 200
Number Of Seg: 28
segType: 0
bone_index: 0
bone_parentIndex: -1
bone_childrenCound: 5
childIndex: 1
childIndex: 2
childIndex: 3
childIndex: 4
childIndex: 5
toParentTransform: 1.000000 0.000000 0.000000 0.000000 0.000000 1.000000 0.000000 0.000000 0.000000 0.000000 1.000000 0.000000 0.000000 0.000000 0.000000 1.000000
offsetTransform: 1.000000 0.000000 0.000000 0.000000 0.000000 1.000000 0.000000 0.000000 0.000000 0.000000 1.000000 0.000000 0.000000 0.000000 0.000000 1.000000
boneMatrix: 0.039887 -0.999203 0.000000 0.000000 0.999203 0.039887 0.000000 0.000000 0.000000 0.000000 1.000000 0.000000 -40.000000 15.000000 5.000000 1.000000
animatePos: -40.000000 15.000000 5.000000
animateRot: 0.000000 0.000000 -0.692861 0.721070
aniamtionCount: 3
keyframesCount: 4
pos: 0.000000 0.000000 0.000000 0.000000 rot: 0.000000 0.000000 0.000000 1.000000 0.000000
pos: 0.000000 0.000000 0.000000 1.000000 rot: 0.000000 0.000000 0.000000 1.000000 1.000000
pos: 0.000000 0.000000 0.000000 2.000000 rot: 0.000000 0.000000 0.000000 1.000000 2.000000
pos: 0.000000 0.000000 0.000000 3.000000 rot: 0.000000 0.000000 0.000000 1.000000 3.000000
keyframesCount: 1
pos: 0.000000 0.000000 0.000000 0.000000 rot: 0.000000 0.000000 0.000000 1.000000 0.000000
keyframesCount: 2
pos: -40.000000 15.000000 5.000000 0.000000 rot: 0.000000 0.000000 -0.692861 0.721070 0.000000
pos: -40.000000 15.000000 5.000000 1.000000 rot: 0.000000 0.000000 -0.692861 0.721070 1.000000
segType: 1
bone_index: 1
bone_parentIndex: 0
bone_childrenCound: 1
childIndex: 11
toParentTransform: 0.039887 -0.999203 0.000000 0.000000 0.999203 0.039887 0.000000 0.000000 0.000000 0.000000 1.000000 0.000000 -40.000000 15.000000 5.000000 1.000000
offsetTransform: 1.000000 0.000000 0.000000 0.000000 0.000000 1.000000 0.000000 0.000000 0.000000 0.000000 1.000000 0.000000 0.000000 14.000000 0.000000 1.000000
boneMatrix: 0.645286 -0.763941 0.000000 0.000000 0.763941 0.645286 0.000000 0.000000 0.000000 0.000000 1.000000 0.000000 0.000000 14.000000 0.000000 1.000000
animatePos: 0.000000 14.000000 0.000000
animateRot: 0.000000 0.000000 -0.421138 0.906996
aniamtionCount: 3
keyframesCount: 4
pos: 0.000000 14.000000 0.000000 0.000000 rot: 0.000000 0.000000 -0.421138 0.906996 0.000000
pos: 0.000000 14.000000 0.000000 1.000000 rot: 0.000000 0.000000 -0.421138 0.906996 1.000000
pos: 0.000000 14.000000 0.000000 2.000000 rot: 0.000000 0.000000 -0.421138 0.906996 2.000000
pos: 0.000000 14.000000 0.000000 3.000000 rot: 0.000000 0.000000 -0.421138 0.906996 3.000000
keyframesCount: 1
pos: 0.000000 14.000000 0.000000 0.000000 rot: 0.000000 0.000000 -0.421138 0.906996 0.000000
keyframesCount: 2
pos: 0.000000 14.000000 0.000000 0.000000 rot: 0.000000 0.000000 -0.421138 0.906996 0.000000
pos: 0.000000 14.000000 0.000000 1.000000 rot: 0.000000 0.000000 -0.421138 0.906996 1.000000
segType: 1
bone_index: 2
bone_parentIndex: 0
bone_childrenCound: 1
childIndex: 8
toParentTransform: 0.039887 -0.999203 0.000000 0.000000 0.999203 0.039887 0.000000 0.000000 0.000000 0.000000 1.000000 0.000000 -40.000000 15.000000 5.000000 1.000000
offsetTransform: 1.000000 0.000000 0.000000 0.000000 0.000000 1.000000 0.000000 0.000000 0.000000 0.000000 1.000000 0.000000 0.000000 14.000000 0.000000 1.000000
boneMatrix: 0.619257 0.785189 0.000000 0.000000 -0.785189 0.619257 0.000000 0.000000 0.000000 0.000000 1.000000 0.000000 0.000000 14.000000 0.000000 1.000000
animatePos: 0.000000 14.000000 0.000000
animateRot: 0.000000 0.000000 0.436316 0.899794
aniamtionCount: 3
keyframesCount: 4
pos: 0.000000 14.000000 0.000000 0.000000 rot: 0.000000 0.000000 0.436315 0.899793 0.000000
pos: 0.000000 14.000000 0.000000 1.000000 rot: 0.000000 0.000000 0.436315 0.899793 1.000000
pos: 0.000000 14.000000 0.000000 2.000000 rot: 0.000000 0.000000 0.436315 0.899793 2.000000
pos: 0.000000 14.000000 0.000000 3.000000 rot: 0.000000 0.000000 0.436315 0.899793 3.000000
keyframesCount: 1
pos: 0.000000 14.000000 0.000000 0.000000 rot: 0.000000 0.000000 0.436316 0.899794 0.000000
keyframesCount: 2
pos: 0.000000 14.000000 0.000000 0.000000 rot: 0.000000 0.000000 0.436316 0.899794 0.000000
pos: 0.000000 14.000000 0.000000 1.000000 rot: 0.000000 0.000000 0.436316 0.899794 1.000000
segType: 1
bone_index: 3
bone_parentIndex: 0
bone_childrenCound: 1
childIndex: 9
toParentTransform: 0.039887 -0.999203 0.000000 0.000000 0.999203 0.039887 0.000000 0.000000 0.000000 0.000000 1.000000 0.000000 -40.000000 15.000000 5.000000 1.000000
offsetTransform: 1.000000 0.000000 0.000000 0.000000 0.000000 1.000000 0.000000 0.000000 0.000000 0.000000 1.000000 0.000000 0.000000 14.000000 0.000000 1.000000
boneMatrix: 0.900708 0.434425 0.000000 0.000000 -0.434425 0.900708 0.000000 0.000000 0.000000 0.000000 1.000000 0.000000 0.000000 14.000000 0.000000 1.000000
animatePos: 0.000000 14.000000 0.000000
animateRot: 0.000000 0.000000 0.222814 0.974861
aniamtionCount: 3
keyframesCount: 4
pos: 0.000000 14.000000 0.000000 0.000000 rot: 0.000000 0.000000 0.222814 0.974861 0.000000
pos: 0.000000 14.000000 0.000000 1.000000 rot: 0.000000 0.000000 0.222814 0.974861 1.000000
pos: 0.000000 14.000000 0.000000 2.000000 rot: 0.000000 0.000000 0.222814 0.974861 2.000000
pos: 0.000000 14.000000 0.000000 3.000000 rot: 0.000000 0.000000 0.222814 0.974861 3.000000
keyframesCount: 1
pos: 0.000000 14.000000 0.000000 0.000000 rot: 0.000000 0.000000 0.222814 0.974861 0.000000
keyframesCount: 2
pos: 0.000000 14.000000 0.000000 0.000000 rot: 0.000000 0.000000 0.222814 0.974861 0.000000
pos: 0.000000 14.000000 0.000000 1.000000 rot: 0.000000 0.000000 0.222814 0.974861 1.000000
segType: 1
bone_index: 4
bone_parentIndex: 0
bone_childrenCound: 1
childIndex: 10
toParentTransform: 0.039887 -0.999203 0.000000 0.000000 0.999203 0.039887 0.000000 0.000000 0.000000 0.000000 1.000000 0.000000 -40.000000 15.000000 5.000000 1.000000
offsetTransform: 1.000000 0.000000 0.000000 0.000000 0.000000 1.000000 0.000000 0.000000 0.000000 0.000000 1.000000 0.000000 0.000000 14.000000 0.000000 1.000000
boneMatrix: 0.980166 -0.198180 0.000000 0.000000 0.198180 0.980166 0.000000 0.000000 0.000000 0.000000 1.000000 0.000000 0.000000 14.000000 0.000000 1.000000
animatePos: 0.000000 14.000000 0.000000
animateRot: 0.000000 0.000000 -0.099585 0.995029
aniamtionCount: 3
keyframesCount: 4
pos: 0.000000 14.000000 0.000000 0.000000 rot: 0.000000 0.000000 -0.099585 0.995029 0.000000
pos: 0.000000 14.000000 0.000000 1.000000 rot: 0.000000 0.000000 -0.099585 0.995029 1.000000
pos: 0.000000 14.000000 0.000000 2.000000 rot: 0.000000 0.000000 -0.099585 0.995029 2.000000
pos: 0.000000 14.000000 0.000000 3.000000 rot: 0.000000 0.000000 -0.099585 0.995029 3.000000
keyframesCount: 1
pos: 0.000000 14.000000 0.000000 0.000000 rot: 0.000000 0.000000 -0.099585 0.995029 0.000000
keyframesCount: 2
pos: 0.000000 14.000000 0.000000 0.000000 rot: 0.000000 0.000000 -0.099585 0.995029 0.000000
pos: 0.000000 14.000000 0.000000 1.000000 rot: 0.000000 0.000000 -0.099585 0.995029 1.000000
segType: 2
bone_index: 5
bone_parentIndex: 0
bone_childrenCound: 1
childIndex: 6
toParentTransform: 0.039887 -0.999203 0.000000 0.000000 0.999203 0.039887 0.000000 0.000000 0.000000 0.000000 1.000000 0.000000 -40.000000 15.000000 5.000000 1.000000
offsetTransform: 1.000000 0.000000 0.000000 0.000000 0.000000 1.000000 0.000000 0.000000 0.000000 0.000000 1.000000 0.000000 0.000000 14.000000 0.000000 1.000000
boneMatrix: 0.163066 0.986615 0.000000 0.000000 -0.977718 0.161596 0.133995 0.000000 0.132202 -0.021851 0.990982 0.000000 0.000000 14.000000 0.000000 1.000000
animatePos: 0.000000 14.000000 0.000000
animateRot: 0.051207 0.043438 0.645430 0.760862
aniamtionCount: 3
keyframesCount: 4
pos: 0.000000 14.000000 0.000000 0.000000 rot: 0.051207 0.043438 0.645428 0.760860 0.000000
pos: 0.000000 14.000000 0.000000 1.000000 rot: 0.051207 0.043438 0.645428 0.760860 1.000000
pos: 0.000000 14.000000 0.000000 2.000000 rot: 0.051207 0.043438 0.645428 0.760860 2.000000
pos: 0.000000 14.000000 0.000000 3.000000 rot: 0.051207 0.043438 0.645428 0.760860 3.000000
keyframesCount: 1
pos: 0.000000 14.000000 0.000000 0.000000 rot: 0.051207 0.043438 0.645430 0.760862 0.000000
keyframesCount: 2
pos: 0.000000 14.000000 0.000000 0.000000 rot: 0.051207 0.043438 0.645430 0.760862 0.000000
pos: 0.000000 14.000000 0.000000 1.000000 rot: 0.051207 0.043438 0.645430 0.760862 1.000000
segType: 2
bone_index: 6
bone_parentIndex: 5
bone_childrenCound: 1
childIndex: 7
toParentTransform: 0.992333 -0.123583 0.000000 0.000000 0.122469 0.983384 0.133995 0.000000 -0.016560 -0.132968 0.990982 0.000000 -26.011158 15.558416 5.000000 1.000000
offsetTransform: 1.000000 0.000000 0.000000 0.000000 0.000000 1.000000 0.000000 0.000000 0.000000 0.000000 1.000000 0.000000 0.000000 8.000000 0.000000 1.000000
boneMatrix: 0.770674 -0.590303 0.240004 0.000000 0.567832 0.807097 0.161738 0.000000 -0.289181 0.011635 0.957203 0.000000 0.000000 8.000000 0.000000 1.000000
animatePos: 0.000000 8.000000 0.000000
animateRot: 0.039918 -0.140730 -0.307990 0.940075
aniamtionCount: 3
keyframesCount: 4
pos: 0.000000 8.000000 0.000000 0.000000 rot: 0.372511 -0.256853 -0.390974 0.801497 0.000000
pos: 0.000000 8.000000 0.000000 1.000000 rot: 0.372511 -0.256853 -0.390974 0.801497 1.000000
pos: 0.000000 8.000000 0.000000 2.000000 rot: 0.372511 -0.256853 -0.390974 0.801497 2.000000
pos: 0.000000 8.000000 0.000000 3.000000 rot: 0.372511 -0.256853 -0.390974 0.801497 3.000000
keyframesCount: 1
pos: 0.000000 8.000000 0.000000 0.000000 rot: 0.372512 -0.256854 -0.390975 0.801498 0.000000
keyframesCount: 2
pos: 0.000000 8.000000 0.000000 0.000000 rot: 0.372512 -0.256854 -0.390975 0.801498 0.000000
pos: 0.000000 8.000000 0.000000 1.000000 rot: 0.039918 -0.140730 -0.307990 0.940075 1.000000
segType: 1
bone_index: 7
bone_parentIndex: 6
bone_childrenCound: 0
toParentTransform: 0.688497 -0.707650 0.158742 0.000000 0.659645 0.702006 0.268427 0.000000 -0.301391 -0.080097 0.950130 0.000000 -25.031406 23.425488 6.071962 1.000000
offsetTransform: 1.000000 0.000000 0.000000 0.000000 0.000000 1.000000 0.000000 0.000000 0.000000 0.000000 1.000000 0.000000 0.000000 8.000000 0.000000 1.000000
boneMatrix: 0.781269 0.624193 0.000000 0.000000 -0.624193 0.781269 0.000000 0.000000 0.000000 0.000000 1.000000 0.000000 0.000000 8.000000 0.000000 1.000000
animatePos: 0.000000 8.000000 0.000000
animateRot: 0.000000 0.000000 0.330704 0.943733
aniamtionCount: 3
keyframesCount: 4
pos: 0.000000 8.000000 0.000000 0.000000 rot: 0.000000 0.000000 -0.764619 0.644482 0.000000
pos: 0.000000 8.000000 0.000000 1.000000 rot: 0.000000 0.000000 -0.764619 0.644482 1.000000
pos: 0.000000 8.000000 0.000000 2.000000 rot: 0.000000 0.000000 -0.764619 0.644482 2.000000
pos: 0.000000 8.000000 0.000000 3.000000 rot: 0.000000 0.000000 -0.764619 0.644482 3.000000
keyframesCount: 1
pos: 0.000000 8.000000 0.000000 0.000000 rot: 0.000000 0.000000 -0.764619 0.644483 0.000000
keyframesCount: 2
pos: 0.000000 8.000000 0.000000 0.000000 rot: 0.000000 0.000000 -0.764619 0.644483 0.000000
pos: 0.000000 8.000000 0.000000 1.000000 rot: 0.000000 0.000000 0.330704 0.943733 1.000000
segType: 2
bone_index: 8
bone_parentIndex: 2
bone_childrenCound: 1
childIndex: 15
toParentTransform: 0.809263 -0.587444 0.000000 0.000000 0.587444 0.809263 0.000000 0.000000 0.000000 0.000000 1.000000 0.000000 -26.011158 15.558416 5.000000 1.000000
offsetTransform: 1.000000 0.000000 0.000000 0.000000 0.000000 1.000000 0.000000 0.000000 0.000000 0.000000 1.000000 0.000000 0.000000 6.000000 0.000000 1.000000
boneMatrix: 0.773343 -0.633988 0.000000 0.000000 0.633988 0.773343 0.000000 0.000000 0.000000 0.000000 1.000000 0.000000 0.000000 6.000000 0.000000 1.000000
animatePos: 0.000000 6.000000 0.000000
animateRot: 0.000000 0.000000 -0.336643 0.941632
aniamtionCount: 3
keyframesCount: 4
pos: 0.000000 6.000000 0.000000 0.000000 rot: 0.000000 0.000000 -0.336643 0.941632 0.000000
pos: 0.000000 6.000000 0.000000 1.000000 rot: 0.000000 0.000000 -0.336643 0.941632 1.000000
pos: 0.000000 6.000000 0.000000 2.000000 rot: 0.000000 0.000000 -0.336643 0.941632 2.000000
pos: 0.000000 6.000000 0.000000 3.000000 rot: 0.000000 0.000000 -0.336643 0.941632 3.000000
keyframesCount: 1
pos: 0.000000 6.000000 0.000000 0.000000 rot: 0.000000 0.000000 -0.336643 0.941632 0.000000
keyframesCount: 2
pos: 0.000000 6.000000 0.000000 0.000000 rot: 0.000000 0.000000 -0.336643 0.941632 0.000000
pos: 0.000000 6.000000 0.000000 1.000000 rot: 0.000000 0.000000 -0.336643 0.941632 1.000000
segType: 2
bone_index: 9
bone_parentIndex: 3
bone_childrenCound: 1
childIndex: 14
toParentTransform: 0.470006 -0.882662 0.000000 0.000000 0.882662 0.470006 0.000000 0.000000 0.000000 0.000000 1.000000 0.000000 -26.011158 15.558416 5.000000 1.000000
offsetTransform: 1.000000 0.000000 0.000000 0.000000 0.000000 1.000000 0.000000 0.000000 0.000000 0.000000 1.000000 0.000000 0.000000 6.000000 0.000000 1.000000
boneMatrix: 0.932472 -0.361243 0.000000 0.000000 0.361243 0.932472 0.000000 0.000000 0.000000 0.000000 1.000000 0.000000 0.000000 6.000000 0.000000 1.000000
animatePos: 0.000000 6.000000 0.000000
animateRot: 0.000000 0.000000 -0.183750 0.982973
aniamtionCount: 3
keyframesCount: 4
pos: 0.000000 6.000000 0.000000 0.000000 rot: 0.000000 0.000000 -0.183750 0.982973 0.000000
pos: 0.000000 6.000000 0.000000 1.000000 rot: 0.000000 0.000000 -0.183750 0.982973 1.000000
pos: 0.000000 6.000000 0.000000 2.000000 rot: 0.000000 0.000000 -0.183750 0.982973 2.000000
pos: 0.000000 6.000000 0.000000 3.000000 rot: 0.000000 0.000000 -0.183750 0.982973 3.000000
keyframesCount: 1
pos: 0.000000 6.000000 0.000000 0.000000 rot: 0.000000 0.000000 -0.183750 0.982973 0.000000
keyframesCount: 2
pos: 0.000000 6.000000 0.000000 0.000000 rot: 0.000000 0.000000 -0.183750 0.982973 0.000000
pos: 0.000000 6.000000 0.000000 1.000000 rot: 0.000000 0.000000 -0.183750 0.982973 1.000000
segType: 2
bone_index: 10
bone_parentIndex: 4
bone_childrenCound: 1
childIndex: 13
toParentTransform: -0.158926 -0.987289 0.000000 0.000000 0.987289 -0.158926 0.000000 0.000000 0.000000 0.000000 1.000000 0.000000 -26.011158 15.558416 5.000000 1.000000
offsetTransform: 1.000000 0.000000 0.000000 0.000000 0.000000 1.000000 0.000000 0.000000 0.000000 0.000000 1.000000 0.000000 0.000000 6.000000 0.000000 1.000000
boneMatrix: 0.982973 0.183751 0.000000 0.000000 -0.183751 0.982973 0.000000 0.000000 0.000000 0.000000 1.000000 0.000000 0.000000 6.000000 0.000000 1.000000
animatePos: 0.000000 6.000000 0.000000
animateRot: 0.000000 0.000000 0.092269 0.995734
aniamtionCount: 3
keyframesCount: 4
pos: 0.000000 6.000000 0.000000 0.000000 rot: 0.000000 0.000000 0.092269 0.995734 0.000000
pos: 0.000000 6.000000 0.000000 1.000000 rot: 0.000000 0.000000 0.092269 0.995734 1.000000
pos: 0.000000 6.000000 0.000000 2.000000 rot: 0.000000 0.000000 0.092269 0.995734 2.000000
pos: 0.000000 6.000000 0.000000 3.000000 rot: 0.000000 0.000000 0.092269 0.995734 3.000000
keyframesCount: 1
pos: 0.000000 6.000000 0.000000 0.000000 rot: 0.000000 0.000000 0.092269 0.995734 0.000000
keyframesCount: 2
pos: 0.000000 6.000000 0.000000 0.000000 rot: 0.000000 0.000000 0.092269 0.995734 0.000000
pos: 0.000000 6.000000 0.000000 1.000000 rot: 0.000000 0.000000 0.092269 0.995734 1.000000
segType: 2
bone_index: 11
bone_parentIndex: 1
bone_childrenCound: 1
childIndex: 12
toParentTransform: -0.737594 -0.675243 0.000000 0.000000 0.675243 -0.737594 0.000000 0.000000 0.000000 0.000000 1.000000 0.000000 -26.011158 15.558416 5.000000 1.000000
offsetTransform: 1.000000 0.000000 0.000000 0.000000 0.000000 1.000000 0.000000 0.000000 0.000000 0.000000 1.000000 0.000000 0.000000 6.000000 0.000000 1.000000
boneMatrix: 0.772009 0.635611 0.000000 0.000000 -0.635611 0.772009 0.000000 0.000000 0.000000 0.000000 1.000000 0.000000 0.000000 6.000000 0.000000 1.000000
animatePos: 0.000000 6.000000 0.000000
animateRot: 0.000000 0.000000 0.337632 0.941278
aniamtionCount: 3
keyframesCount: 4
pos: 0.000000 6.000000 0.000000 0.000000 rot: 0.000000 0.000000 0.337632 0.941278 0.000000
pos: 0.000000 6.000000 0.000000 1.000000 rot: 0.000000 0.000000 0.337632 0.941278 1.000000
pos: 0.000000 6.000000 0.000000 2.000000 rot: 0.000000 0.000000 0.337632 0.941278 2.000000
pos: 0.000000 6.000000 0.000000 3.000000 rot: 0.000000 0.000000 0.337632 0.941278 3.000000
keyframesCount: 1
pos: 0.000000 6.000000 0.000000 0.000000 rot: 0.000000 0.000000 0.337632 0.941278 0.000000
keyframesCount: 2
pos: 0.000000 6.000000 0.000000 0.000000 rot: 0.000000 0.000000 0.337632 0.941278 0.000000
pos: 0.000000 6.000000 0.000000 1.000000 rot: 0.000000 0.000000 0.337632 0.941278 1.000000
segType: 3
bone_index: 12
bone_parentIndex: 11
bone_childrenCound: 1
childIndex: 25
toParentTransform: -0.140237 -0.990116 0.000000 0.000000 0.990116 -0.140237 0.000000 0.000000 0.000000 0.000000 1.000000 0.000000 -21.959702 11.132854 5.000000 1.000000
offsetTransform: 1.000000 0.000000 0.000000 0.000000 0.000000 1.000000 0.000000 0.000000 0.000000 0.000000 1.000000 0.000000 0.000000 8.000000 0.000000 1.000000
boneMatrix: 1.000000 0.000000 0.000000 0.000000 0.000000 1.000000 0.000000 0.000000 0.000000 0.000000 1.000000 0.000000 0.000000 8.000000 0.000000 1.000000
animatePos: 0.000000 8.000000 0.000000
animateRot: 0.000000 0.000000 0.000000 1.000000
aniamtionCount: 3
keyframesCount: 4
pos: 0.000000 8.000000 0.000000 0.000000 rot: 0.000000 0.000000 0.000000 1.000000 0.000000
pos: 0.000000 8.000000 0.000000 1.000000 rot: 0.000000 0.000000 0.000000 1.000000 1.000000
pos: 0.000000 8.000000 0.000000 2.000000 rot: 0.000000 0.000000 0.000000 1.000000 2.000000
pos: 0.000000 8.000000 0.000000 3.000000 rot: 0.000000 0.000000 0.000000 1.000000 3.000000
keyframesCount: 1
pos: 0.000000 8.000000 0.000000 0.000000 rot: 0.000000 0.000000 0.000000 1.000000 0.000000
keyframesCount: 2
pos: 0.000000 8.000000 0.000000 0.000000 rot: 0.000000 0.000000 0.000000 1.000000 0.000000
pos: 0.000000 8.000000 0.000000 1.000000 rot: 0.000000 0.000000 0.000000 1.000000 1.000000
segType: 3
bone_index: 13
bone_parentIndex: 10
bone_childrenCound: 1
childIndex: 22
toParentTransform: 0.025195 -0.999681 0.000000 0.000000 0.999681 0.025195 0.000000 0.000000 0.000000 0.000000 1.000000 0.000000 -20.087421 14.604859 5.000000 1.000000
offsetTransform: 1.000000 0.000000 0.000000 0.000000 0.000000 1.000000 0.000000 0.000000 0.000000 0.000000 1.000000 0.000000 0.000000 8.000000 0.000000 1.000000
boneMatrix: 1.000000 0.000000 0.000000 0.000000 0.000000 1.000000 0.000000 0.000000 0.000000 0.000000 1.000000 0.000000 0.000000 8.000000 0.000000 1.000000
animatePos: 0.000000 8.000000 0.000000
animateRot: 0.000000 0.000000 0.000000 1.000000
aniamtionCount: 3
keyframesCount: 4
pos: 0.000000 8.000000 0.000000 0.000000 rot: 0.000000 0.000000 0.000000 1.000000 0.000000
pos: 0.000000 8.000000 0.000000 1.000000 rot: 0.000000 0.000000 0.000000 1.000000 1.000000
pos: 0.000000 8.000000 0.000000 2.000000 rot: 0.000000 0.000000 0.000000 1.000000 2.000000
pos: 0.000000 8.000000 0.000000 3.000000 rot: 0.000000 0.000000 0.000000 1.000000 3.000000
keyframesCount: 1
pos: 0.000000 8.000000 0.000000 0.000000 rot: 0.000000 0.000000 0.000000 1.000000 0.000000
keyframesCount: 2
pos: 0.000000 8.000000 0.000000 0.000000 rot: 0.000000 0.000000 0.000000 1.000000 0.000000
pos: 0.000000 8.000000 0.000000 1.000000 rot: 0.000000 0.000000 0.000000 1.000000 1.000000
segType: 3
bone_index: 14
bone_parentIndex: 9
bone_childrenCound: 1
childIndex: 19
toParentTransform: 0.119412 -0.992844 0.000000 0.000000 0.992844 0.119412 0.000000 0.000000 0.000000 0.000000 1.000000 0.000000 -20.715185 18.378450 5.000000 1.000000
offsetTransform: 1.000000 0.000000 0.000000 0.000000 0.000000 1.000000 0.000000 0.000000 0.000000 0.000000 1.000000 0.000000 0.000000 8.000000 0.000000 1.000000
boneMatrix: 1.000000 0.000000 0.000000 0.000000 0.000000 0.989215 -0.146471 0.000000 0.000000 0.146471 0.989215 0.000000 0.000000 8.000000 0.000000 1.000000
animatePos: 0.000000 8.000000 0.000000
animateRot: -0.073434 0.000000 0.000000 0.997300
aniamtionCount: 3
keyframesCount: 4
pos: 0.000000 8.000000 0.000000 0.000000 rot: -0.073434 0.000000 0.000000 0.997300 0.000000
pos: 0.000000 8.000000 0.000000 1.000000 rot: -0.073434 0.000000 0.000000 0.997300 1.000000
pos: 0.000000 8.000000 0.000000 2.000000 rot: -0.073434 0.000000 0.000000 0.997300 2.000000
pos: 0.000000 8.000000 0.000000 3.000000 rot: -0.073434 0.000000 0.000000 0.997300 3.000000
keyframesCount: 1
pos: 0.000000 8.000000 0.000000 0.000000 rot: -0.073434 0.000000 0.000000 0.997300 0.000000
keyframesCount: 2
pos: 0.000000 8.000000 0.000000 0.000000 rot: -0.073434 0.000000 0.000000 0.997300 0.000000
pos: 0.000000 8.000000 0.000000 1.000000 rot: -0.073434 0.000000 0.000000 0.997300 1.000000
segType: 3
bone_index: 15
bone_parentIndex: 8
bone_childrenCound: 1
childIndex: 16
toParentTransform: 0.253406 -0.967359 0.000000 0.000000 0.967359 0.253406 0.000000 0.000000 0.000000 0.000000 1.000000 0.000000 -22.486492 20.413998 5.000000 1.000000
offsetTransform: 1.000000 0.000000 0.000000 0.000000 0.000000 1.000000 0.000000 0.000000 0.000000 0.000000 1.000000 0.000000 0.000000 8.000000 0.000000 1.000000
boneMatrix: 1.000000 0.000000 0.000000 0.000000 0.000000 1.000000 0.000000 0.000000 0.000000 0.000000 1.000000 0.000000 0.000000 8.000000 0.000000 1.000000
animatePos: 0.000000 8.000000 0.000000
animateRot: 0.000000 0.000000 0.000000 1.000000
aniamtionCount: 3
keyframesCount: 4
pos: 0.000000 8.000000 0.000000 0.000000 rot: 0.000000 0.000000 0.000000 1.000000 0.000000
pos: 0.000000 8.000000 0.000000 1.000000 rot: 0.000000 0.000000 0.000000 1.000000 1.000000
pos: 0.000000 8.000000 0.000000 2.000000 rot: 0.000000 0.000000 0.000000 1.000000 2.000000
pos: 0.000000 8.000000 0.000000 3.000000 rot: 0.000000 0.000000 0.000000 1.000000 3.000000
keyframesCount: 1
pos: 0.000000 8.000000 0.000000 0.000000 rot: 0.000000 0.000000 0.000000 1.000000 0.000000
keyframesCount: 2
pos: 0.000000 8.000000 0.000000 0.000000 rot: 0.000000 0.000000 0.000000 1.000000 0.000000
pos: 0.000000 8.000000 0.000000 1.000000 rot: 0.000000 0.000000 0.000000 1.000000 1.000000
segType: 2
bone_index: 16
bone_parentIndex: 15
bone_childrenCound: 1
childIndex: 17
toParentTransform: 0.253406 -0.967359 0.000000 0.000000 0.967359 0.253406 0.000000 0.000000 0.000000 0.000000 1.000000 0.000000 -14.747620 22.441242 5.000000 1.000000
offsetTransform: 1.000000 0.000000 0.000000 0.000000 0.000000 1.000000 0.000000 0.000000 0.000000 0.000000 1.000000 0.000000 0.000000 2.000000 0.000000 1.000000
boneMatrix: 1.000000 0.000000 0.000000 0.000000 0.000000 0.181683 0.983357 0.000000 0.000000 -0.983357 0.181683 0.000000 0.000000 2.000000 0.000000 1.000000
animatePos: 0.000000 2.000000 0.000000
animateRot: 0.639655 0.000000 0.000000 0.768662
aniamtionCount: 3
keyframesCount: 4
pos: 0.000000 2.000000 0.000000 0.000000 rot: 0.639655 0.000000 0.000000 0.768661 0.000000
pos: 0.000000 2.000000 0.000000 1.000000 rot: 0.639655 0.000000 0.000000 0.768661 1.000000
pos: 0.000000 2.000000 0.000000 2.000000 rot: 0.639655 0.000000 0.000000 0.768661 2.000000
pos: 0.000000 2.000000 0.000000 3.000000 rot: 0.639655 0.000000 0.000000 0.768661 3.000000
keyframesCount: 1
pos: 0.000000 2.000000 0.000000 0.000000 rot: 0.639655 0.000000 0.000000 0.768662 0.000000
keyframesCount: 2
pos: 0.000000 2.000000 0.000000 0.000000 rot: 0.639655 0.000000 0.000000 0.768662 0.000000
pos: 0.000000 2.000000 0.000000 1.000000 rot: 0.639655 0.000000 0.000000 0.768662 1.000000
segType: 1
bone_index: 17
bone_parentIndex: 16
bone_childrenCound: 1
childIndex: 18
toParentTransform: 0.253406 -0.967359 0.000000 0.000000 0.175753 0.046040 0.983357 0.000000 -0.951259 -0.249188 0.181683 0.000000 -12.812901 22.948053 5.000000 1.000000
offsetTransform: 1.000000 0.000000 0.000000 0.000000 0.000000 1.000000 0.000000 0.000000 0.000000 0.000000 1.000000 0.000000 0.000000 8.000000 0.000000 1.000000
boneMatrix: 1.000000 0.000000 0.000000 0.000000 0.000000 -0.004202 0.999990 0.000000 0.000000 -0.999990 -0.004202 0.000000 0.000000 8.000000 0.000000 1.000000
animatePos: 0.000000 8.000000 0.000000
animateRot: 0.708591 0.000000 0.000000 0.705619
aniamtionCount: 3
keyframesCount: 4
pos: 0.000000 8.000000 0.000000 0.000000 rot: 0.708591 0.000000 0.000000 0.705619 0.000000
pos: 0.000000 8.000000 0.000000 1.000000 rot: 0.708591 0.000000 0.000000 0.705619 1.000000
pos: 0.000000 8.000000 0.000000 2.000000 rot: 0.708591 0.000000 0.000000 0.705619 2.000000
pos: 0.000000 8.000000 0.000000 3.000000 rot: 0.708591 0.000000 0.000000 0.705619 3.000000
keyframesCount: 1
pos: 0.000000 8.000000 0.000000 0.000000 rot: 0.708591 0.000000 0.000000 0.705619 0.000000
keyframesCount: 2
pos: 0.000000 8.000000 0.000000 0.000000 rot: 0.708591 0.000000 0.000000 0.705619 0.000000
pos: 0.000000 8.000000 0.000000 1.000000 rot: 0.708591 0.000000 0.000000 0.705619 1.000000
segType: 1
bone_index: 18
bone_parentIndex: 17
bone_childrenCound: 0
toParentTransform: 0.253406 -0.967359 0.000000 0.000000 -0.951989 -0.249379 0.177549 0.000000 -0.171753 -0.044992 -0.984111 0.000000 -11.406879 23.316370 12.866856 1.000000
offsetTransform: 1.000000 0.000000 0.000000 0.000000 0.000000 1.000000 0.000000 0.000000 0.000000 0.000000 1.000000 0.000000 0.000000 6.000000 0.000000 1.000000
boneMatrix: 1.000000 0.000000 0.000000 0.000000 0.000000 0.098535 0.995134 0.000000 0.000000 -0.995134 0.098535 0.000000 0.000000 6.000000 0.000000 1.000000
animatePos: 0.000000 6.000000 0.000000
animateRot: 0.671366 0.000000 0.000000 0.741126
aniamtionCount: 3
keyframesCount: 4
pos: 0.000000 6.000000 0.000000 0.000000 rot: 0.671365 0.000000 0.000000 0.741126 0.000000
pos: 0.000000 6.000000 0.000000 1.000000 rot: 0.671365 0.000000 0.000000 0.741126 1.000000
pos: 0.000000 6.000000 0.000000 2.000000 rot: 0.671365 0.000000 0.000000 0.741126 2.000000
pos: 0.000000 6.000000 0.000000 3.000000 rot: 0.671365 0.000000 0.000000 0.741126 3.000000
keyframesCount: 1
pos: 0.000000 6.000000 0.000000 0.000000 rot: 0.671366 0.000000 0.000000 0.741126 0.000000
keyframesCount: 2
pos: 0.000000 6.000000 0.000000 0.000000 rot: 0.671366 0.000000 0.000000 0.741126 0.000000
pos: 0.000000 6.000000 0.000000 1.000000 rot: 0.671366 0.000000 0.000000 0.741126 1.000000
segType: 2
bone_index: 19
bone_parentIndex: 14
bone_childrenCound: 1
childIndex: 20
toParentTransform: 0.119412 -0.992844 0.000000 0.000000 0.982136 0.118124 -0.146471 0.000000 0.145423 0.017490 0.989215 0.000000 -12.772436 19.333744 5.000000 1.000000
offsetTransform: 1.000000 0.000000 0.000000 0.000000 0.000000 1.000000 0.000000 0.000000 0.000000 0.000000 1.000000 0.000000 0.000000 2.000000 0.000000 1.000000
boneMatrix: 1.000000 0.000000 0.000000 0.000000 0.000000 0.200234 0.979748 0.000000 0.000000 -0.979748 0.200234 0.000000 0.000000 2.000000 0.000000 1.000000
animatePos: 0.000000 2.000000 0.000000
animateRot: 0.632363 0.000000 0.000000 0.774672
aniamtionCount: 3
keyframesCount: 4
pos: 0.000000 2.000000 0.000000 0.000000 rot: 0.632363 0.000000 0.000000 0.774672 0.000000
pos: 0.000000 2.000000 0.000000 1.000000 rot: 0.493926 0.000000 0.000000 0.869503 1.000000
pos: 0.000000 2.000000 0.000000 2.000000 rot: 0.277701 0.000000 0.000000 0.960667 2.000000
pos: 0.000000 2.000000 0.000000 3.000000 rot: 0.088086 0.000000 0.000000 0.996112 3.000000
keyframesCount: 1
pos: 0.000000 2.000000 0.000000 0.000000 rot: 0.632363 0.000000 0.000000 0.774672 0.000000
keyframesCount: 2
pos: 0.000000 2.000000 0.000000 0.000000 rot: 0.632363 0.000000 0.000000 0.774672 0.000000
pos: 0.000000 2.000000 0.000000 1.000000 rot: 0.632363 0.000000 0.000000 0.774672 1.000000
segType: 1
bone_index: 20
bone_parentIndex: 19
bone_childrenCound: 1
childIndex: 21
toParentTransform: 0.119412 -0.992844 0.000000 0.000000 0.339135 0.040789 0.939853 0.000000 -0.933127 -0.112230 0.341580 0.000000 -10.808165 19.569992 4.707057 1.000000
offsetTransform: 1.000000 0.000000 0.000000 0.000000 0.000000 1.000000 0.000000 0.000000 0.000000 0.000000 1.000000 0.000000 0.000000 8.000000 0.000000 1.000000
boneMatrix: 1.000000 0.000000 0.000000 0.000000 0.000000 -0.106896 0.994267 0.000000 0.000000 -0.994267 -0.106896 0.000000 0.000000 8.000000 0.000000 1.000000
animatePos: 0.000000 8.000000 0.000000
animateRot: 0.743941 0.000000 0.000000 0.668243
aniamtionCount: 3
keyframesCount: 4
pos: 0.000000 8.000000 0.000000 0.000000 rot: 0.743941 0.000000 0.000000 0.668243 0.000000
pos: 0.000000 8.000000 0.000000 1.000000 rot: 0.640462 0.000000 0.000000 0.767989 1.000000
pos: 0.000000 8.000000 0.000000 2.000000 rot: 0.360263 0.000000 0.000000 0.932849 2.000000
pos: 0.000000 8.000000 0.000000 3.000000 rot: 0.135036 0.000000 0.000000 0.990839 3.000000
keyframesCount: 1
pos: 0.000000 8.000000 0.000000 0.000000 rot: 0.743941 0.000000 0.000000 0.668243 0.000000
keyframesCount: 2
pos: 0.000000 8.000000 0.000000 0.000000 rot: 0.743941 0.000000 0.000000 0.668243 0.000000
pos: 0.000000 8.000000 0.000000 1.000000 rot: 0.743941 0.000000 0.000000 0.668243 1.000000
segType: 1
bone_index: 21
bone_parentIndex: 20
bone_childrenCound: 0
toParentTransform: 0.119412 -0.992844 0.000000 0.000000 -0.964029 -0.115946 0.239154 0.000000 -0.237443 -0.028558 -0.970978 0.000000 -8.095084 19.896301 12.225878 1.000000
offsetTransform: 1.000000 0.000000 0.000000 0.000000 0.000000 1.000000 0.000000 0.000000 0.000000 0.000000 1.000000 0.000000 0.000000 6.000000 0.000000 1.000000
boneMatrix: 1.000000 0.000000 0.000000 0.000000 0.000000 0.044084 0.999025 0.000000 0.000000 -0.999025 0.044084 0.000000 0.000000 6.000000 0.000000 1.000000
animatePos: 0.000000 6.000000 0.000000
animateRot: 0.691345 0.000000 0.000000 0.722523
aniamtionCount: 3
keyframesCount: 4
pos: 0.000000 6.000000 0.000000 0.000000 rot: 0.691345 0.000000 0.000000 0.722523 0.000000
pos: 0.000000 6.000000 0.000000 1.000000 rot: 0.629104 0.000000 0.000000 0.777320 1.000000
pos: 0.000000 6.000000 0.000000 2.000000 rot: 0.186845 0.000000 0.000000 0.982388 2.000000
pos: 0.000000 6.000000 0.000000 3.000000 rot: 0.098540 0.000000 0.000000 0.995131 3.000000
keyframesCount: 1
pos: 0.000000 6.000000 0.000000 0.000000 rot: 0.691345 0.000000 0.000000 0.722523 0.000000
keyframesCount: 2
pos: 0.000000 6.000000 0.000000 0.000000 rot: 0.691345 0.000000 0.000000 0.722523 0.000000
pos: 0.000000 6.000000 0.000000 1.000000 rot: 0.691345 0.000000 0.000000 0.722523 1.000000
segType: 2
bone_index: 22
bone_parentIndex: 13
bone_childrenCound: 1
childIndex: 23
toParentTransform: 0.025195 -0.999681 0.000000 0.000000 0.999681 0.025195 0.000000 0.000000 0.000000 0.000000 1.000000 0.000000 -12.089971 14.806419 5.000000 1.000000
offsetTransform: 1.000000 0.000000 0.000000 0.000000 0.000000 1.000000 0.000000 0.000000 0.000000 0.000000 1.000000 0.000000 0.000000 2.000000 0.000000 1.000000
boneMatrix: 1.000000 0.000000 0.000000 0.000000 0.000000 0.179617 0.983737 0.000000 0.000000 -0.983737 0.179617 0.000000 0.000000 2.000000 0.000000 1.000000
animatePos: 0.000000 2.000000 0.000000
animateRot: 0.640462 0.000000 0.000000 0.767990
aniamtionCount: 3
keyframesCount: 4
pos: 0.000000 2.000000 0.000000 0.000000 rot: 0.640462 0.000000 0.000000 0.767989 0.000000
pos: 0.000000 2.000000 0.000000 1.000000 rot: 0.640462 0.000000 0.000000 0.767989 1.000000
pos: 0.000000 2.000000 0.000000 2.000000 rot: 0.640462 0.000000 0.000000 0.767989 2.000000
pos: 0.000000 2.000000 0.000000 3.000000 rot: 0.640462 0.000000 0.000000 0.767989 3.000000
keyframesCount: 1
pos: 0.000000 2.000000 0.000000 0.000000 rot: 0.640462 0.000000 0.000000 0.767990 0.000000
keyframesCount: 2
pos: 0.000000 2.000000 0.000000 0.000000 rot: 0.640462 0.000000 0.000000 0.767990 0.000000
pos: 0.000000 2.000000 0.000000 1.000000 rot: 0.640462 0.000000 0.000000 0.767990 1.000000
segType: 1
bone_index: 23
bone_parentIndex: 22
bone_childrenCound: 1
childIndex: 24
toParentTransform: 0.025195 -0.999681 0.000000 0.000000 0.179560 0.004525 0.983737 0.000000 -0.983423 -0.024785 0.179617 0.000000 -10.090608 14.856810 5.000000 1.000000
offsetTransform: 1.000000 0.000000 0.000000 0.000000 0.000000 1.000000 0.000000 0.000000 0.000000 0.000000 1.000000 0.000000 0.000000 8.000000 0.000000 1.000000
boneMatrix: 1.000000 0.000000 0.000000 0.000000 0.000000 -0.052480 0.998622 0.000000 0.000000 -0.998622 -0.052480 0.000000 0.000000 8.000000 0.000000 1.000000
animatePos: 0.000000 8.000000 0.000000
animateRot: 0.725424 0.000000 0.000000 0.688302
aniamtionCount: 3
keyframesCount: 4
pos: 0.000000 8.000000 0.000000 0.000000 rot: 0.725423 0.000000 0.000000 0.688302 0.000000
pos: 0.000000 8.000000 0.000000 1.000000 rot: 0.725423 0.000000 0.000000 0.688302 1.000000
pos: 0.000000 8.000000 0.000000 2.000000 rot: 0.725423 0.000000 0.000000 0.688302 2.000000
pos: 0.000000 8.000000 0.000000 3.000000 rot: 0.725423 0.000000 0.000000 0.688302 3.000000
keyframesCount: 1
pos: 0.000000 8.000000 0.000000 0.000000 rot: 0.725424 0.000000 0.000000 0.688302 0.000000
keyframesCount: 2
pos: 0.000000 8.000000 0.000000 0.000000 rot: 0.725424 0.000000 0.000000 0.688302 0.000000
pos: 0.000000 8.000000 0.000000 1.000000 rot: 0.725424 0.000000 0.000000 0.688302 1.000000
segType: 1
bone_index: 24
bone_parentIndex: 23
bone_childrenCound: 0
toParentTransform: 0.025195 -0.999681 0.000000 0.000000 -0.991491 -0.024989 0.127743 0.000000 -0.127702 -0.003218 -0.991807 0.000000 -8.654130 14.893013 12.869894 1.000000
offsetTransform: 1.000000 0.000000 0.000000 0.000000 0.000000 1.000000 0.000000 0.000000 0.000000 0.000000 1.000000 0.000000 0.000000 6.000000 0.000000 1.000000
boneMatrix: 1.000000 0.000000 0.000000 0.000000 0.000000 0.048277 0.998834 0.000000 0.000000 -0.998834 0.048277 0.000000 0.000000 6.000000 0.000000 1.000000
animatePos: 0.000000 6.000000 0.000000
animateRot: 0.689827 0.000000 0.000000 0.723974
aniamtionCount: 3
keyframesCount: 4
pos: 0.000000 6.000000 0.000000 0.000000 rot: 0.689827 0.000000 0.000000 0.723974 0.000000
pos: 0.000000 6.000000 0.000000 1.000000 rot: 0.689827 0.000000 0.000000 0.723974 1.000000
pos: 0.000000 6.000000 0.000000 2.000000 rot: 0.689827 0.000000 0.000000 0.723974 2.000000
pos: 0.000000 6.000000 0.000000 3.000000 rot: 0.689827 0.000000 0.000000 0.723974 3.000000
keyframesCount: 1
pos: 0.000000 6.000000 0.000000 0.000000 rot: 0.689827 0.000000 0.000000 0.723974 0.000000
keyframesCount: 2
pos: 0.000000 6.000000 0.000000 0.000000 rot: 0.689827 0.000000 0.000000 0.723974 0.000000
pos: 0.000000 6.000000 0.000000 1.000000 rot: 0.689827 0.000000 0.000000 0.723974 1.000000
segType: 2
bone_index: 25
bone_parentIndex: 12
bone_childrenCound: 1
childIndex: 26
toParentTransform: -0.140237 -0.990116 0.000000 0.000000 0.990116 -0.140237 0.000000 0.000000 0.000000 0.000000 1.000000 0.000000 -14.038772 10.010955 5.000000 1.000000
offsetTransform: 1.000000 0.000000 0.000000 0.000000 0.000000 1.000000 0.000000 0.000000 0.000000 0.000000 1.000000 0.000000 0.000000 2.000000 0.000000 1.000000
boneMatrix: 1.000000 0.000000 0.000000 0.000000 0.000000 0.214615 0.976699 0.000000 0.000000 -0.976699 0.214615 0.000000 0.000000 2.000000 0.000000 1.000000
animatePos: 0.000000 2.000000 0.000000
animateRot: 0.626652 0.000000 0.000000 0.779299
aniamtionCount: 3
keyframesCount: 4
pos: 0.000000 2.000000 0.000000 0.000000 rot: 0.626652 0.000000 0.000000 0.779298 0.000000
pos: 0.000000 2.000000 0.000000 1.000000 rot: 0.626652 0.000000 0.000000 0.779298 1.000000
pos: 0.000000 2.000000 0.000000 2.000000 rot: 0.626652 0.000000 0.000000 0.779298 2.000000
pos: 0.000000 2.000000 0.000000 3.000000 rot: 0.626652 0.000000 0.000000 0.779298 3.000000
keyframesCount: 1
pos: 0.000000 2.000000 0.000000 0.000000 rot: 0.626652 0.000000 0.000000 0.779299 0.000000
keyframesCount: 2
pos: 0.000000 2.000000 0.000000 0.000000 rot: 0.626652 0.000000 0.000000 0.779299 0.000000
pos: 0.000000 2.000000 0.000000 1.000000 rot: 0.626652 0.000000 0.000000 0.779299 1.000000
segType: 1
bone_index: 26
bone_parentIndex: 25
bone_childrenCound: 1
childIndex: 27
toParentTransform: -0.140237 -0.990116 0.000000 0.000000 0.212493 -0.030097 0.976699 0.000000 -0.967045 0.136970 0.214615 0.000000 -12.058539 9.730480 5.000000 1.000000
offsetTransform: 1.000000 0.000000 0.000000 0.000000 0.000000 1.000000 0.000000 0.000000 0.000000 0.000000 1.000000 0.000000 0.000000 8.000000 0.000000 1.000000
boneMatrix: 1.000000 0.000000 0.000000 0.000000 0.000000 -0.048285 0.998833 0.000000 0.000000 -0.998833 -0.048285 0.000000 0.000000 8.000000 0.000000 1.000000
animatePos: 0.000000 8.000000 0.000000
animateRot: 0.723977 0.000000 0.000000 0.689824
aniamtionCount: 3
keyframesCount: 4
pos: 0.000000 8.000000 0.000000 0.000000 rot: 0.723976 0.000000 0.000000 0.689824 0.000000
pos: 0.000000 8.000000 0.000000 1.000000 rot: 0.723976 0.000000 0.000000 0.689824 1.000000
pos: 0.000000 8.000000 0.000000 2.000000 rot: 0.723976 0.000000 0.000000 0.689824 2.000000
pos: 0.000000 8.000000 0.000000 3.000000 rot: 0.723976 0.000000 0.000000 0.689824 3.000000
keyframesCount: 1
pos: 0.000000 8.000000 0.000000 0.000000 rot: 0.723977 0.000000 0.000000 0.689824 0.000000
keyframesCount: 2
pos: 0.000000 8.000000 0.000000 0.000000 rot: 0.723977 0.000000 0.000000 0.689824 0.000000
pos: 0.000000 8.000000 0.000000 1.000000 rot: 0.723977 0.000000 0.000000 0.689824 1.000000
segType: 1
bone_index: 27
bone_parentIndex: 26
bone_childrenCound: 0
toParentTransform: -0.140237 -0.990116 0.000000 0.000000 -0.976177 0.138263 0.167204 0.000000 -0.165551 0.023448 -0.985922 0.000000 -10.358593 9.489704 12.813589 1.000000
offsetTransform: 1.000000 0.000000 0.000000 0.000000 0.000000 1.000000 0.000000 0.000000 0.000000 0.000000 1.000000 0.000000 0.000000 6.000000 0.000000 1.000000
boneMatrix: 1.000000 0.000000 0.000000 0.000000 0.000000 0.071336 0.997453 0.000000 0.000000 -0.997453 0.071336 0.000000 0.000000 6.000000 0.000000 1.000000
animatePos: 0.000000 6.000000 0.000000
animateRot: 0.681419 0.000000 0.000000 0.731894
aniamtionCount: 3
keyframesCount: 4
pos: 0.000000 6.000000 0.000000 0.000000 rot: 0.681419 0.000000 0.000000 0.731893 0.000000
pos: 0.000000 6.000000 0.000000 1.000000 rot: 0.681419 0.000000 0.000000 0.731893 1.000000
pos: 0.000000 6.000000 0.000000 2.000000 rot: 0.681419 0.000000 0.000000 0.731893 2.000000
pos: 0.000000 6.000000 0.000000 3.000000 rot: 0.681419 0.000000 0.000000 0.731893 3.000000
keyframesCount: 1
pos: 0.000000 6.000000 0.000000 0.000000 rot: 0.681419 0.000000 0.000000 0.731894 0.000000
